UNITS=MM
#Layer_Color=32768
#
#Feature symbol names
#
$0 r99.9998
$1 r49.9999
$2 r199.9996

#
#Feature attribute names
#

#
#Layer features
#
L 76.7200015 90.97900016 76.7200015 93.67900238 1 P 0
L 76.7200015 90.97900016 78.22000104 90.97900016 1 P 0
L 76.7200015 93.67900238 78.22000104 93.67900238 1 P 0
L 76.99499968 92.329 77.94500032 92.329 0 P 0
L 77.47 91.85400222 77.47 92.80400032 0 P 0
L 77.51700016 96.40499896 77.51700016 97.9049985 1 P 0
L 77.51700016 96.40499896 80.21699984 96.40499896 1 P 0
L 77.51700016 97.9049985 80.21699984 97.9049985 1 P 0
L 77.51700016 98.05599896 77.51700016 99.5559985 1 P 0
L 77.51700016 98.05599896 80.21699984 98.05599896 1 P 0
L 77.51700016 99.5559985 80.21699984 99.5559985 1 P 0
L 78.07999878 69.32499978 78.07999878 75.92499928 2 P 0
L 78.07999878 69.32499978 84.58000102 69.32499978 2 P 0
L 78.07999878 75.92499928 78.07999878 76.72500022 2 P 0
L 78.07999878 76.72500022 84.58000102 76.72500022 2 P 0
L 78.22000104 90.97900016 78.22000104 93.67900238 1 P 0
L 78.3710015 90.93900024 78.3710015 93.63899992 1 P 0
L 78.3710015 90.93900024 79.87100104 90.93900024 1 P 0
L 78.3710015 93.63899992 79.87100104 93.63899992 1 P 0
L 78.39199968 97.155 79.34200032 97.155 0 P 0
L 78.39199968 98.806 79.34200032 98.806 0 P 0
L 78.64600222 92.28900008 79.59600032 92.28900008 0 P 0
L 78.867 96.67999968 78.867 97.62999778 0 P 0
L 78.867 98.33099968 78.867 99.28099778 0 P 0
L 79.121 91.81399976 79.121 92.7640004 0 P 0
L 79.38200024 76.62600118 79.38200024 79.07599882 1 P 0
L 79.38200024 76.62600118 83.43199976 76.62600118 1 P 0
L 79.38200024 79.07599882 83.43199976 79.07599882 1 P 0
L 79.48000106 79.30699912 79.48000106 83.50700088 1 P 0
L 79.48000106 79.30699912 83.07999894 79.30699912 1 P 0
L 79.48000106 83.50700088 83.07999894 83.50700088 1 P 0
L 79.87100104 90.93900024 79.87100104 93.63899992 1 P 0
L 80.21699984 96.40499896 80.21699984 97.9049985 1 P 0
L 80.21699984 98.05599896 80.21699984 99.5559985 1 P 0
L 80.28399996 88.67599994 80.28399996 107.2759983 0 P 0
L 80.28399996 88.67599994 95.48400004 88.67599994 0 P 0
L 80.28399996 107.2759983 95.48400004 107.2759983 0 P 0
L 80.780001 73.025 81.779999 73.025 2 P 0
L 81.28 72.525001 81.28 73.524999 2 P 0
L 83.07999894 79.30699912 83.07999894 83.50700088 1 P 0
L 83.43199976 76.62600118 83.43199976 79.07599882 1 P 0
L 83.86700016 82.05399896 83.86700016 83.5539985 1 P 0
L 83.86700016 82.05399896 86.56700238 82.05399896 1 P 0
L 83.86700016 83.5539985 86.56700238 83.5539985 1 P 0
L 83.86700016 83.83199896 83.86700016 85.3319985 1 P 0
L 83.86700016 83.83199896 86.56700238 83.83199896 1 P 0
L 83.86700016 85.3319985 86.56700238 85.3319985 1 P 0
L 84.58000102 69.32499978 84.58000102 76.32500102 2 P 0
L 84.58000102 76.32500102 84.58000102 76.72500022 2 P 0
L 84.74200222 82.804 85.69200032 82.804 0 P 0
L 84.74200222 84.582 85.69200032 84.582 0 P 0
L 84.97499896 72.05599762 84.97499896 74.75599984 1 P 0
L 84.97499896 72.05599762 86.4749985 72.05599762 1 P 0
L 84.97499896 74.75599984 86.4749985 74.75599984 1 P 0
L 85.217 82.32899968 85.217 83.27900032 0 P 0
L 85.217 84.10699968 85.217 85.05700032 0 P 0
L 85.24999968 73.406 86.20000032 73.406 0 P 0
L 85.725 72.93099968 85.725 73.88099778 0 P 0
L 86.4749985 72.05599762 86.4749985 74.75599984 1 P 0
L 86.56700238 82.05399896 86.56700238 83.5539985 1 P 0
L 86.56700238 83.83199896 86.56700238 85.3319985 1 P 0
L 88.29900044 70.69299806 88.29900044 72.59299934 1 P 0
L 88.29900044 70.69299806 92.10900044 70.69299806 1 P 0
L 88.29900044 72.59299934 92.10900044 72.59299934 1 P 0
L 88.4040015 72.83299886 88.4040015 75.53300108 1 P 0
L 88.4040015 72.83299886 89.90400104 72.83299886 1 P 0
L 88.4040015 75.53300108 89.90400104 75.53300108 1 P 0
L 88.67899968 74.1829987 89.62900032 74.1829987 0 P 0
L 89.154 73.70800092 89.154 74.65799902 0 P 0
L 89.20100016 77.8630015 89.20100016 79.36300104 1 P 0
L 89.20100016 77.8630015 91.90099984 77.8630015 1 P 0
L 89.20100016 79.36300104 91.90099984 79.36300104 1 P 0
L 89.70400144 71.6429987 90.70400198 71.6429987 0 P 0
L 89.90400104 72.83299886 89.90400104 75.53300108 1 P 0
L 90.07599968 78.613 91.02600032 78.613 0 P 0
L 90.20400044 71.1429997 90.20400044 72.1429977 0 P 0
L 90.551 78.13800222 90.551 79.08800032 0 P 0
L 91.90099984 77.8630015 91.90099984 79.36300104 1 P 0
L 92.10900044 70.69299806 92.10900044 72.59299934 1 P 0
L 92.74199892 83.32399896 92.74199892 84.8239985 1 P 0
L 92.74199892 83.32399896 95.44200114 83.32399896 1 P 0
L 92.74199892 84.8239985 95.44200114 84.8239985 1 P 0
L 93.02599886 86.4990015 93.02599886 87.99900104 1 P 0
L 93.02599886 86.4990015 95.72600108 86.4990015 1 P 0
L 93.02599886 87.99900104 95.72600108 87.99900104 1 P 0
L 93.54100164 68.74299942 93.54100164 71.97300058 1 P 0
L 93.54100164 68.74299942 96.19100142 68.74299942 1 P 0
L 93.54100164 71.97300058 95.09100108 71.97300058 1 P 0
L 93.61700098 84.074 94.56699908 84.074 0 P 0
L 93.90100092 87.249 94.85099902 87.249 0 P 0
L 94.09199876 83.59899968 94.09199876 84.54900032 0 P 0
L 94.1190015 74.08800016 94.1190015 76.78799984 1 P 0
L 94.1190015 74.08800016 95.61900104 74.08800016 1 P 0
L 94.1190015 76.78799984 95.61900104 76.78799984 1 P 0
L 94.37600124 86.77399968 94.37600124 87.72400032 0 P 0
L 94.39400222 75.438 95.34400032 75.438 0 P 0
L 94.70200008 80.0220015 94.70200008 81.52200104 1 P 0
L 94.70200008 80.0220015 97.40199976 80.0220015 1 P 0
L 94.70200008 81.52200104 97.40199976 81.52200104 1 P 0
L 94.869 74.96299968 94.869 75.91300032 0 P 0
L 95.09100108 71.97300058 95.09100108 73.10799958 1 P 0
L 95.09100108 73.10799958 100.79099984 73.10799958 1 P 0
L 95.44200114 83.32399896 95.44200114 84.8239985 1 P 0
L 95.48400004 88.67599994 95.48400004 107.2759983 0 P 0
L 95.5769996 80.772 96.52700024 80.772 0 P 0
L 95.61900104 74.08800016 95.61900104 76.78799984 1 P 0
L 95.72600108 86.4990015 95.72600108 87.99900104 1 P 0
L 95.8970015 74.08800016 95.8970015 76.78799984 1 P 0
L 95.8970015 74.08800016 97.39700104 74.08800016 1 P 0
L 95.8970015 76.78799984 97.39700104 76.78799984 1 P 0
L 96.05199992 80.29700222 96.05199992 81.24700032 0 P 0
L 96.17200222 75.438 97.12200032 75.438 0 P 0
L 96.19100142 67.30800102 96.19100142 68.74299942 1 P 0
L 96.19100142 67.30800102 99.6909995 67.30800102 1 P 0
L 96.647 74.96299968 96.647 75.91300032 0 P 0
L 97.03999896 85.51799762 97.03999896 88.21799984 1 P 0
L 97.03999896 85.51799762 98.5399985 85.51799762 1 P 0
L 97.03999896 88.21799984 98.5399985 88.21799984 1 P 0
L 97.31499968 86.868 98.26500032 86.868 0 P 0
L 97.39700104 74.08800016 97.39700104 76.78799984 1 P 0
L 97.40199976 80.0220015 97.40199976 81.52200104 1 P 0
L 97.54799896 93.39199762 97.54799896 96.09199984 1 P 0
L 97.54799896 93.39199762 99.0479985 93.39199762 1 P 0
L 97.54799896 96.09199984 99.0479985 96.09199984 1 P 0
L 97.72199912 75.31399974 97.72199912 78.86400026 1 P 0
L 97.72199912 75.31399974 101.92200088 75.31399974 1 P 0
L 97.72199912 78.86400026 101.92200088 78.86400026 1 P 0
L 97.79 86.39299968 97.79 87.34299778 0 P 0
L 97.82299968 94.742 98.77300032 94.742 0 P 0
L 98.298 94.26699968 98.298 95.21699778 0 P 0
L 98.5399985 85.51799762 98.5399985 88.21799984 1 P 0
L 98.94499896 86.40699762 98.94499896 89.10699984 1 P 0
L 98.94499896 86.40699762 100.4449985 86.40699762 1 P 0
L 98.94499896 89.10699984 100.4449985 89.10699984 1 P 0
L 99.0479985 93.39199762 99.0479985 96.09199984 1 P 0
L 99.21999968 87.757 100.17000032 87.757 0 P 0
L 99.6909995 67.30800102 99.6909995 68.74299942 1 P 0
L 99.6909995 68.74299942 102.34099928 68.74299942 1 P 0
L 99.695 87.28199968 99.695 88.23199778 0 P 0
L 99.93100156 89.43600096 99.93100156 97.4360002 0 P 0
L 99.93100156 89.43600096 113.13100056 89.43600096 0 P 0
L 99.93100156 97.4360002 113.13100056 97.4360002 0 P 0
L 100.4449985 86.40699762 100.4449985 89.10699984 1 P 0
L 100.79099984 71.97300058 100.79099984 73.10799958 1 P 0
L 100.79099984 71.97300058 102.34099928 71.97300058 1 P 0
L 101.92200088 75.31399974 101.92200088 78.86400026 1 P 0
L 101.99299896 74.08800016 101.99299896 76.78799984 1 P 0
L 101.99299896 74.08800016 103.4929985 74.08800016 1 P 0
L 101.99299896 76.78799984 103.4929985 76.78799984 1 P 0
L 102.26799968 75.438 103.21799778 75.438 0 P 0
L 102.34099928 68.74299942 102.34099928 71.97300058 1 P 0
L 102.743 74.96299968 102.743 75.91300032 0 P 0
L 103.4929985 74.08800016 103.4929985 76.78799984 1 P 0
L 103.64399896 75.95300024 103.64399896 78.65299992 1 P 0
L 103.64399896 75.95300024 105.1439985 75.95300024 1 P 0
L 103.64399896 78.65299992 105.1439985 78.65299992 1 P 0
L 103.91899968 77.30300008 104.86899778 77.30300008 0 P 0
L 104.0250015 72.8330014 104.0250015 75.53300362 1 P 0
L 104.0250015 72.8330014 105.52500104 72.8330014 1 P 0
L 104.0250015 75.53300362 105.52500104 75.53300362 1 P 0
L 104.29999968 74.18300124 105.25000032 74.18300124 0 P 0
L 104.394 76.82799976 104.394 77.7780004 0 P 0
L 104.775 73.70800346 104.775 74.65800156 0 P 0
L 104.94900016 71.2590015 104.94900016 72.75900104 1 P 0
L 104.94900016 71.2590015 107.64899984 71.2590015 1 P 0
L 104.94900016 72.75900104 107.64899984 72.75900104 1 P 0
L 105.1439985 75.95300024 105.1439985 78.65299992 1 P 0
L 105.52500104 72.8330014 105.52500104 75.53300362 1 P 0
L 105.79699948 74.46199992 105.79699948 78.69199908 1 P 0
L 105.79699948 74.46199992 110.02699864 74.46199992 1 P 0
L 105.79699948 78.69199908 110.02699864 78.69199908 1 P 0
L 105.82399968 72.009 106.77400032 72.009 0 P 0
L 106.299 71.53400222 106.299 72.48400032 0 P 0
L 106.35799912 84.33099974 106.35799912 87.88100026 1 P 0
L 106.35799912 84.33099974 110.55800088 84.33099974 1 P 0
L 106.35799912 87.88100026 110.55800088 87.88100026 1 P 0
L 107.2000015 79.54900016 107.2000015 82.24900238 1 P 0
L 107.2000015 79.54900016 108.70000104 79.54900016 1 P 0
L 107.2000015 82.24900238 108.70000104 82.24900238 1 P 0
L 107.47499968 80.899 108.42500032 80.899 0 P 0
L 107.64899984 71.2590015 107.64899984 72.75900104 1 P 0
L 107.95 80.42400222 107.95 81.37400032 0 P 0
L 107.9620015 71.54800016 107.9620015 74.24800238 1 P 0
L 107.9620015 71.54800016 109.46200104 71.54800016 1 P 0
L 107.9620015 74.24800238 109.46200104 74.24800238 1 P 0
L 108.23699968 72.898 109.18700032 72.898 0 P 0
L 108.70000104 79.54900016 108.70000104 82.24900238 1 P 0
L 108.712 72.42300222 108.712 73.37300032 0 P 0
L 109.46200104 71.54800016 109.46200104 74.24800238 1 P 0
L 109.99399896 71.42099762 109.99399896 74.12099984 1 P 0
L 109.99399896 71.42099762 111.4939985 71.42099762 1 P 0
L 109.99399896 74.12099984 111.4939985 74.12099984 1 P 0
L 110.02699864 74.46199992 110.02699864 78.69199908 1 P 0
L 110.24799896 76.08000024 110.24799896 78.77999992 1 P 0
L 110.24799896 76.08000024 111.7479985 76.08000024 1 P 0
L 110.24799896 78.77999992 111.7479985 78.77999992 1 P 0
L 110.26899968 72.771 111.21900032 72.771 0 P 0
L 110.52299968 77.43000008 111.47299778 77.43000008 0 P 0
L 110.55800088 84.33099974 110.55800088 87.88100026 1 P 0
L 110.66399762 88.2770015 110.66399762 89.77700104 1 P 0
L 110.66399762 88.2770015 113.36399984 88.2770015 1 P 0
L 110.66399762 89.77700104 113.36399984 89.77700104 1 P 0
L 110.744 72.29599968 110.744 73.24599778 0 P 0
L 110.998 76.95499976 110.998 77.9050004 0 P 0
L 111.29900016 83.57799896 111.29900016 85.0779985 1 P 0
L 111.29900016 83.57799896 113.99900238 83.57799896 1 P 0
L 111.29900016 85.0779985 113.99900238 85.0779985 1 P 0
L 111.4939985 71.42099762 111.4939985 74.12099984 1 P 0
L 111.53899968 89.027 112.48899778 89.027 0 P 0
L 111.7479985 76.08000024 111.7479985 78.77999992 1 P 0
L 112.014 88.55199968 112.014 89.50200032 0 P 0
L 112.17400222 84.328 113.12400032 84.328 0 P 0
L 112.39199772 75.03700004 112.39199772 78.53699812 1 P 0
L 112.39199772 75.03700004 113.792 75.03700004 1 P 0
L 112.39199772 78.53699812 113.792 78.53699812 1 P 0
L 112.649 83.85299968 112.649 84.80300032 0 P 0
L 113.13100056 89.43600096 113.13100056 97.4360002 0 P 0
L 113.36399984 88.2770015 113.36399984 89.77700104 1 P 0
L 113.792 72.43700016 113.792 75.03700004 1 P 0
L 113.792 72.43700016 122.09199864 72.43700016 1 P 0
L 113.792 78.53699812 113.792 81.136998 1 P 0
L 113.792 81.136998 122.09199864 81.136998 1 P 0
L 113.99900238 83.57799896 113.99900238 85.0779985 1 P 0
L 115.705001 82.05199998 115.705001 92.19200002 1 P 0
L 115.705001 82.05199998 124.13499938 82.05199998 1 P 0
L 115.705001 92.19200002 124.13499938 92.19200002 1 P 0
L 122.09199864 72.43700016 122.09199864 81.136998 1 P 0
L 124.13499938 82.05199998 124.13499938 92.19200002 1 P 0
