UNITS=MM
#Layer_Color=9474304
#
#Feature symbol names
#
$0 r127

#
#Feature attribute names
#

#
#Layer features
#
L 76.8120003 98.806 77.1119997 98.806 0 P 0
L 76.9390003 97.155 77.2389997 97.155 0 P 0
L 76.962 98.6560003 76.962 98.9559997 0 P 0
L 77.089 97.0050003 77.089 97.3049997 0 P 0
L 77.1930003 90.17 77.4929997 90.17 0 P 0
L 77.343 90.0200003 77.343 90.3199997 0 P 0
L 78.8440003 95.758 79.1439997 95.758 0 P 0
L 78.994 95.6080003 78.994 95.9079997 0 P 0
L 79.2250003 90.297 79.5249997 90.297 0 P 0
L 79.3520003 94.615 79.6519997 94.615 0 P 0
L 79.375 90.1470003 79.375 90.4469997 0 P 0
L 79.4600011 73.025 80.5599989 73.025 0 P 0
L 79.502 94.4650003 79.502 94.7649997 0 P 0
L 80.01 72.4750011 80.01 73.5749989 0 P 0
L 80.17999966 83.88599936 80.47999906 83.88599936 0 P 0
L 80.32999936 83.73599966 80.32999936 84.03599906 0 P 0
L 80.3680003 90.297 80.6679997 90.297 0 P 0
L 80.518 90.1470003 80.518 90.4469997 0 P 0
L 81.3840003 88.519 81.6839997 88.519 0 P 0
L 81.534 88.3690003 81.534 88.6689997 0 P 0
L 82.0000011 73.025 83.0999989 73.025 0 P 0
L 82.55 72.4750011 82.55 73.5749989 0 P 0
L 82.7810003 87.63 83.0809997 87.63 0 P 0
L 82.931 87.4800003 82.931 87.7799997 0 P 0
L 83.75840246 93.7866552 84.05840186 93.7866552 0 P 0
L 83.75840246 95.5646552 84.05840186 95.5646552 0 P 0
L 83.75840246 97.3426552 84.05840186 97.3426552 0 P 0
L 83.90840216 93.6366555 83.90840216 93.9366549 0 P 0
L 83.90840216 95.4146555 83.90840216 95.7146549 0 P 0
L 83.90840216 97.1926555 83.90840216 97.4926549 0 P 0
L 84.8130003 88.392 85.1129997 88.392 0 P 0
L 84.963 88.2420003 84.963 88.5419997 0 P 0
L 85.3210003 81.026 85.6209997 81.026 0 P 0
L 85.471 80.8760003 85.471 81.1759997 0 P 0
L 86.9720003 82.423 87.2719997 82.423 0 P 0
L 87.122 82.2730003 87.122 82.5729997 0 P 0
L 88.3690003 78.994 88.6689997 78.994 0 P 0
L 88.3690003 88.519 88.6689997 88.519 0 P 0
L 88.4960003 86.36 88.7959997 86.36 0 P 0
L 88.519 78.8440003 88.519 79.1439997 0 P 0
L 88.519 88.3690003 88.519 88.6689997 0 P 0
L 88.646 86.2100003 88.646 86.5099997 0 P 0
L 89.0040003 82.55 89.3039997 82.55 0 P 0
L 89.154 82.4000003 89.154 82.6999997 0 P 0
L 90.0200003 75.946 90.3199997 75.946 0 P 0
L 90.17 75.7960003 90.17 76.0959997 0 P 0
L 90.4010003 81.915 90.7009997 81.915 0 P 0
L 90.551 81.7650003 90.551 82.0649997 0 P 0
L 91.07000074 70.26500044 91.37000014 70.26500044 0 P 0
L 91.11137734 72.97337704 91.41137674 72.97337704 0 P 0
L 91.22000044 70.11500074 91.22000044 70.41500014 0 P 0
L 91.26137704 72.82337734 91.26137704 73.12337674 0 P 0
L 91.6710003 93.726 91.9709997 93.726 0 P 0
L 91.6710003 95.504 91.9709997 95.504 0 P 0
L 91.6710003 97.155 91.9709997 97.155 0 P 0
L 91.821 93.5760003 91.821 93.8759997 0 P 0
L 91.821 95.3540003 91.821 95.6539997 0 P 0
L 91.821 97.0050003 91.821 97.3049997 0 P 0
L 92.6870003 78.867 92.9869997 78.867 0 P 0
L 92.837 78.7170003 92.837 79.0169997 0 P 0
L 93.7030003 89.027 94.0029997 89.027 0 P 0
L 93.8300003 79.502 94.1299997 79.502 0 P 0
L 93.853 88.8770003 93.853 89.1769997 0 P 0
L 93.98 79.3520003 93.98 79.6519997 0 P 0
L 94.7190003 73.66 95.0189997 73.66 0 P 0
L 94.869 73.5100003 94.869 73.8099997 0 P 0
L 95.3540003 99.949 95.6539997 99.949 0 P 0
L 95.504 99.7990003 95.504 100.0989997 0 P 0
L 95.99100182 70.358 96.89100002 70.358 0 P 0
L 96.2430003 73.66 96.5429997 73.66 0 P 0
L 96.393 73.5100003 96.393 73.8099997 0 P 0
L 96.44100092 69.9080009 96.44100092 70.8079991 0 P 0
L 96.6240003 95.25 96.9239997 95.25 0 P 0
L 96.774 95.1000003 96.774 95.3999997 0 P 0
L 97.1320003 84.074 97.4319997 84.074 0 P 0
L 97.282 83.9240003 97.282 84.2239997 0 P 0
L 97.80700022 80.772 98.10699962 80.772 0 P 0
L 97.95699992 80.6220003 97.95699992 80.9219997 0 P 0
L 98.10367222 92.79267192 98.40367162 92.79267192 0 P 0
L 98.25367192 92.64267222 98.25367192 92.94267162 0 P 0
L 98.9910009 70.358 99.8909991 70.358 0 P 0
L 99.441 69.9080009 99.441 70.8079991 0 P 0
L 100.1800003 91.186 100.4799997 91.186 0 P 0
L 100.33 91.0360003 100.33 91.3359997 0 P 0
L 101.1960003 73.914 101.4959997 73.914 0 P 0
L 101.346 73.7640003 101.346 74.0639997 0 P 0
L 101.5770003 73.025 101.8769997 73.025 0 P 0
L 101.608001 98.806 102.607999 98.806 0 P 0
L 101.727 72.8750003 101.727 73.1749997 0 P 0
L 101.8310003 89.916 102.1309997 89.916 0 P 0
L 101.981 89.7660003 101.981 90.0659997 0 P 0
L 102.0850003 78.613 102.3849997 78.613 0 P 0
L 102.108 98.306001 102.108 99.305999 0 P 0
L 102.235 78.4630003 102.235 78.7629997 0 P 0
L 102.5930003 73.406 102.8929997 73.406 0 P 0
L 102.743 73.2560003 102.743 73.5559997 0 P 0
L 102.8470003 77.343 103.1469997 77.343 0 P 0
L 102.997 77.1930003 102.997 77.4929997 0 P 0
L 103.1010003 79.248 103.4009997 79.248 0 P 0
L 103.251 79.0980003 103.251 79.3979997 0 P 0
L 104.1170003 72.263 104.4169997 72.263 0 P 0
L 104.267 72.1130003 104.267 72.4129997 0 P 0
L 105.49400034 70.75899996 105.79399974 70.75899996 0 P 0
L 105.6410003 79.121 105.9409997 79.121 0 P 0
L 105.64400004 70.60900026 105.64400004 70.90899966 0 P 0
L 105.791 78.9710003 105.791 79.2709997 0 P 0
L 107.6000007 83.312 108.2999993 83.312 0 P 0
L 107.6730003 76.581 107.9729997 76.581 0 P 0
L 107.823 76.4310003 107.823 76.7309997 0 P 0
L 107.95 82.9620007 107.95 83.6619993 0 P 0
L 109.0700003 70.993 109.3699997 70.993 0 P 0
L 109.22 70.8430003 109.22 71.1429997 0 P 0
L 109.3240003 80.01 109.6239997 80.01 0 P 0
L 109.4510003 78.867 109.7509997 78.867 0 P 0
L 109.474 79.8600003 109.474 80.1599997 0 P 0
L 109.601 78.7170003 109.601 79.0169997 0 P 0
L 110.0860003 89.027 110.3859997 89.027 0 P 0
L 110.236 88.8770003 110.236 89.1769997 0 P 0
L 110.371001 98.806 111.370999 98.806 0 P 0
L 110.7210003 86.36 111.0209997 86.36 0 P 0
L 110.7210003 90.043 111.0209997 90.043 0 P 0
L 110.871 86.2100003 110.871 86.5099997 0 P 0
L 110.871 89.8930003 110.871 90.1929997 0 P 0
L 110.871 98.306001 110.871 99.305999 0 P 0
L 111.8640003 72.136 112.1639997 72.136 0 P 0
L 112.014 71.9860003 112.014 72.2859997 0 P 0
L 112.46515988 82.804 112.76515928 82.804 0 P 0
L 112.61515958 82.6540003 112.61515958 82.9539997 0 P 0
L 112.6260003 79.502 112.9259997 79.502 0 P 0
L 112.6260003 91.186 112.9259997 91.186 0 P 0
L 112.776 79.3520003 112.776 79.6519997 0 P 0
L 112.776 91.0360003 112.776 91.3359997 0 P 0
L 114.2040007 89.535 114.9039993 89.535 0 P 0
L 114.554 89.1850007 114.554 89.8849993 0 P 0
L 115.0390003 79.502 115.3389997 79.502 0 P 0
L 115.1660003 90.932 115.4659997 90.932 0 P 0
L 115.189 79.3520003 115.189 79.6519997 0 P 0
L 115.2930003 83.439 115.5929997 83.439 0 P 0
L 115.316 90.7820003 115.316 91.0819997 0 P 0
L 115.443 83.2890003 115.443 83.5889997 0 P 0
L 116.80500134 82.80200102 117.40500014 82.80200102 0 P 0
L 116.80500134 91.44199898 117.40500014 91.44199898 0 P 0
L 116.9440003 92.456 117.2439997 92.456 0 P 0
L 117.094 92.3060003 117.094 92.6059997 0 P 0
L 117.10500074 82.50200162 117.10500074 83.10200042 0 P 0
L 117.10500074 91.14199958 117.10500074 91.74199838 0 P 0
L 117.27999912 84.2320007 117.93000036 84.2320007 0 P 0
L 117.27999912 90.0119993 117.93000036 90.0119993 0 P 0
L 117.60499974 83.90700008 117.60499974 84.55700132 0 P 0
L 117.60499974 89.68699868 117.60499974 90.33699992 0 P 0
L 119.1030003 81.788 119.4029997 81.788 0 P 0
L 119.253 81.6380003 119.253 81.9379997 0 P 0
L 120.8810003 81.661 121.1809997 81.661 0 P 0
L 120.9850006 82.80200102 121.5849994 82.80200102 0 P 0
L 120.9850006 91.44199898 121.5849994 91.44199898 0 P 0
L 121.031 81.5110003 121.031 81.8109997 0 P 0
L 121.1350003 92.583 121.4349997 92.583 0 P 0
L 121.285 82.50200162 121.285 83.10200042 0 P 0
L 121.285 91.14199958 121.285 91.74199838 0 P 0
L 121.285 92.4330003 121.285 92.7329997 0 P 0
