UNITS=MM
#Layer_Color=16711935
#
#Feature symbol names
#
$0 r299.9994
$1 r249.9995
$2 r199.9996
$3 r99.9998
$4 r127

#
#Feature attribute names
#

#
#Layer features
#
A 94.84099904 72.85800008 94.84099904 72.85800008 94.74099924 72.85800008 1 P 0 N
A 110.48699772 75.62699886 110.48699772 75.62699886 110.38699792 75.62699886 2 P 0 N
A 113.14199876 74.6369983 113.14199876 74.6369983 113.04199896 74.6369983 0 P 0 N
A 115.3849991 83.87199888 115.3849991 83.87199888 115.2849993 83.87199888 2 P 0 N
L 76.99499968 91.45400048 76.99499968 93.20400206 3 P 0
L 76.99499968 91.45400048 77.94500032 91.45400048 3 P 0
L 76.99499968 93.20400206 77.94500032 93.20400206 3 P 0
L 77.94500032 91.45400048 77.94500032 93.20400206 3 P 0
L 77.99200048 96.67999968 77.99200048 97.62999778 3 P 0
L 77.99200048 96.67999968 79.74199952 96.67999968 3 P 0
L 77.99200048 97.62999778 79.74199952 97.62999778 3 P 0
L 77.99200048 98.33099968 77.99200048 99.28099778 3 P 0
L 77.99200048 98.33099968 79.74199952 98.33099968 3 P 0
L 77.99200048 99.28099778 79.74199952 99.28099778 3 P 0
L 78.51013254 69.7750319 78.51013254 76.2749935 2 P 0
L 78.51013254 69.7750319 84.05017734 69.7750319 2 P 0
L 78.51013254 76.2749935 84.05017734 76.2749935 2 P 0
L 78.64600222 91.41400056 78.64600222 93.1639996 3 P 0
L 78.64600222 91.41400056 79.59600032 91.41400056 3 P 0
L 78.64600222 93.1639996 79.59600032 93.1639996 3 P 0
L 79.59600032 91.41400056 79.59600032 93.1639996 3 P 0
L 79.74199952 96.67999968 79.74199952 97.62999778 3 P 0
L 79.74199952 98.33099968 79.74199952 99.28099778 3 P 0
L 79.80499914 80.60699906 79.80499914 82.20700094 3 P 0
L 79.80499914 80.60699906 82.75500086 80.60699906 3 P 0
L 79.80499914 82.20700094 82.75500086 82.20700094 3 P 0
L 80.51900076 77.20099876 80.51900076 78.50100124 3 P 0
L 80.51900076 77.20099876 82.29499924 77.20099876 3 P 0
L 80.51900076 77.93900084 81.08199938 78.50100124 3 P 0
L 80.51900076 78.50100124 82.29499924 78.50100124 3 P 0
L 81.2840005 89.67599794 81.2840005 106.2760003 3 P 0
L 81.2840005 89.67599794 94.4839995 89.67599794 3 P 0
L 81.2840005 106.2760003 94.4839995 106.2760003 3 P 0
L 81.80500022 82.20700094 82.75500086 81.2570003 3 P 0
L 82.29499924 77.20099876 82.29499924 78.50100124 3 P 0
L 82.75500086 80.60699906 82.75500086 82.20700094 3 P 0
L 84.05017734 69.7750319 84.05017734 76.2749935 2 P 0
L 84.34200048 82.32899968 84.34200048 83.27900032 3 P 0
L 84.34200048 82.32899968 86.09200206 82.32899968 3 P 0
L 84.34200048 83.27900032 86.09200206 83.27900032 3 P 0
L 84.34200048 84.10699968 84.34200048 85.05700032 3 P 0
L 84.34200048 84.10699968 86.09200206 84.10699968 3 P 0
L 84.34200048 85.05700032 86.09200206 85.05700032 3 P 0
L 85.24999968 72.53099794 85.24999968 74.28099952 3 P 0
L 85.24999968 72.53099794 86.20000032 72.53099794 3 P 0
L 85.24999968 74.28099952 86.20000032 74.28099952 3 P 0
L 86.09200206 82.32899968 86.09200206 83.27900032 3 P 0
L 86.09200206 84.10699968 86.09200206 85.05700032 3 P 0
L 86.20000032 72.53099794 86.20000032 74.28099952 3 P 0
L 88.67899968 73.30799918 88.67899968 75.05800076 3 P 0
L 88.67899968 73.30799918 89.62900032 73.30799918 3 P 0
L 88.67899968 75.05800076 89.62900032 75.05800076 3 P 0
L 89.1040001 70.96799878 89.1040001 72.31799862 3 P 0
L 89.1040001 70.96799878 91.30400078 70.96799878 3 P 0
L 89.1040001 72.31799862 91.30400078 72.31799862 3 P 0
L 89.62900032 73.30799918 89.62900032 75.05800076 3 P 0
L 89.67600048 78.13800222 89.67600048 79.08800032 3 P 0
L 89.67600048 78.13800222 91.42599952 78.13800222 3 P 0
L 89.67600048 79.08800032 91.42599952 79.08800032 3 P 0
L 91.30400078 70.96799878 91.30400078 72.31799862 3 P 0
L 91.3440007 80.145001 91.3440007 82.64500108 2 P 0
L 91.3440007 80.145001 94.34399978 80.145001 2 P 0
L 91.3440007 82.64500108 94.34399978 82.64500108 2 P 0
L 91.42599952 78.13800222 91.42599952 79.08800032 3 P 0
L 93.21699924 83.59899968 93.21699924 84.54900032 3 P 0
L 93.21699924 83.59899968 94.96700082 83.59899968 3 P 0
L 93.21699924 84.54900032 94.96700082 84.54900032 3 P 0
L 93.50099918 86.77399968 93.50099918 87.72400032 3 P 0
L 93.50099918 86.77399968 95.25100076 86.77399968 3 P 0
L 93.50099918 87.72400032 95.25100076 87.72400032 3 P 0
L 94.34399978 80.145001 94.34399978 82.64500108 2 P 0
L 94.39400222 74.56300048 94.39400222 76.31299952 3 P 0
L 94.39400222 74.56300048 95.34400032 74.56300048 3 P 0
L 94.39400222 76.31299952 95.34400032 76.31299952 3 P 0
L 94.4839995 89.67599794 94.4839995 106.2760003 3 P 0
L 94.59099954 69.05800006 94.59099954 71.65799994 4 P 0
L 94.59099954 69.05800006 96.44100092 69.05800006 4 P 0
L 94.59099954 71.65799994 101.29100138 71.65799994 4 P 0
L 94.96700082 83.59899968 94.96700082 84.54900032 3 P 0
L 95.1770004 80.29700222 95.1770004 81.24700032 3 P 0
L 95.1770004 80.29700222 96.92699944 80.29700222 3 P 0
L 95.1770004 81.24700032 96.92699944 81.24700032 3 P 0
L 95.25100076 86.77399968 95.25100076 87.72400032 3 P 0
L 95.34400032 74.56300048 95.34400032 76.31299952 3 P 0
L 96.17200222 74.56300048 96.17200222 76.31299952 3 P 0
L 96.17200222 74.56300048 97.12200032 74.56300048 3 P 0
L 96.17200222 76.31299952 97.12200032 76.31299952 3 P 0
L 96.44100092 67.55800052 96.44100092 69.05800006 4 P 0
L 96.44100092 67.55800052 99.441 67.55800052 4 P 0
L 96.44100092 69.05800006 99.441 69.05800006 4 P 0
L 96.92699944 80.29700222 96.92699944 81.24700032 3 P 0
L 97.12200032 74.56300048 97.12200032 76.31299952 3 P 0
L 97.31499968 85.99299794 97.31499968 87.74299952 3 P 0
L 97.31499968 85.99299794 98.26500032 85.99299794 3 P 0
L 97.31499968 87.74299952 98.26500032 87.74299952 3 P 0
L 97.82299968 93.86699794 97.82299968 95.61699952 3 P 0
L 97.82299968 93.86699794 98.77300032 93.86699794 3 P 0
L 97.82299968 95.61699952 98.77300032 95.61699952 3 P 0
L 98.26500032 85.99299794 98.26500032 87.74299952 3 P 0
L 98.77300032 93.86699794 98.77300032 95.61699952 3 P 0
L 99.02199906 75.63900036 99.02199906 78.53899964 3 P 0
L 99.02199906 75.63900036 100.62200094 75.63900036 3 P 0
L 99.02199906 78.53899964 100.62200094 78.53899964 3 P 0
L 99.21999968 86.88199794 99.21999968 88.63199952 3 P 0
L 99.21999968 86.88199794 100.17000032 86.88199794 3 P 0
L 99.21999968 88.63199952 100.17000032 88.63199952 3 P 0
L 99.441 67.55800052 99.441 69.05800006 4 P 0
L 99.441 69.05800006 101.29100138 69.05800006 4 P 0
L 99.6720003 75.63900036 100.62200094 76.589001 3 P 0
L 100.17000032 86.88199794 100.17000032 88.63199952 3 P 0
L 100.62200094 75.63900036 100.62200094 78.53899964 3 P 0
L 101.29100138 69.05800006 101.29100138 71.65799994 4 P 0
L 102.26799968 74.56300048 102.26799968 76.31299952 3 P 0
L 102.26799968 74.56300048 103.21799778 74.56300048 3 P 0
L 102.26799968 76.31299952 103.21799778 76.31299952 3 P 0
L 103.21799778 74.56300048 103.21799778 76.31299952 3 P 0
L 103.53100198 90.4360015 103.53100198 96.43599966 3 P 0
L 103.53100198 90.4360015 109.53100014 90.4360015 3 P 0
L 103.53100198 96.43599966 109.53100014 96.43599966 3 P 0
L 103.91899968 76.42800056 103.91899968 78.1779996 3 P 0
L 103.91899968 76.42800056 104.86899778 76.42800056 3 P 0
L 103.91899968 78.1779996 104.86899778 78.1779996 3 P 0
L 104.29999968 73.30800172 104.29999968 75.0580033 3 P 0
L 104.29999968 73.30800172 105.25000032 73.30800172 3 P 0
L 104.29999968 75.0580033 105.25000032 75.0580033 3 P 0
L 104.86899778 76.42800056 104.86899778 78.1779996 3 P 0
L 105.25000032 73.30800172 105.25000032 75.0580033 3 P 0
L 105.42400048 71.53400222 105.42400048 72.48400032 3 P 0
L 105.42400048 71.53400222 107.17399952 71.53400222 3 P 0
L 105.42400048 72.48400032 107.17399952 72.48400032 3 P 0
L 106.41199952 75.07699996 106.41199952 78.07699904 4 P 0
L 106.41199952 75.07699996 109.4119986 75.07699996 4 P 0
L 106.41199952 78.07699904 109.4119986 78.07699904 4 P 0
L 107.17399952 71.53400222 107.17399952 72.48400032 3 P 0
L 107.47499968 80.02400048 107.47499968 81.77400206 3 P 0
L 107.47499968 80.02400048 108.42500032 80.02400048 3 P 0
L 107.47499968 81.77400206 108.42500032 81.77400206 3 P 0
L 107.6460001 84.64399886 107.6460001 87.56800114 3 P 0
L 107.6460001 84.64399886 109.2699999 84.64399886 3 P 0
L 107.6460001 87.56800114 109.2699999 87.56800114 3 P 0
L 108.23699968 72.02300048 108.23699968 73.77300206 3 P 0
L 108.23699968 72.02300048 109.18700032 72.02300048 3 P 0
L 108.23699968 73.77300206 109.18700032 73.77300206 3 P 0
L 108.31999926 84.64399886 109.2699999 85.5939995 3 P 0
L 108.42500032 80.02400048 108.42500032 81.77400206 3 P 0
L 109.18700032 72.02300048 109.18700032 73.77300206 3 P 0
L 109.2699999 84.64399886 109.2699999 87.56800114 3 P 0
L 109.4119986 75.07699996 109.4119986 78.07699904 4 P 0
L 109.53100014 90.4360015 109.53100014 96.43599966 3 P 0
L 110.26899968 71.89599794 110.26899968 73.64599952 3 P 0
L 110.26899968 71.89599794 111.21900032 71.89599794 3 P 0
L 110.26899968 73.64599952 111.21900032 73.64599952 3 P 0
L 110.52299968 76.55500056 110.52299968 78.3049996 3 P 0
L 110.52299968 76.55500056 111.47299778 76.55500056 3 P 0
L 110.52299968 78.3049996 111.47299778 78.3049996 3 P 0
L 111.13899794 88.55199968 111.13899794 89.50200032 3 P 0
L 111.13899794 88.55199968 112.88899952 88.55199968 3 P 0
L 111.13899794 89.50200032 112.88899952 89.50200032 3 P 0
L 111.21900032 71.89599794 111.21900032 73.64599952 3 P 0
L 111.47299778 76.55500056 111.47299778 78.3049996 3 P 0
L 111.77400048 83.85299968 111.77400048 84.80300032 3 P 0
L 111.77400048 83.85299968 113.52400206 83.85299968 3 P 0
L 111.77400048 84.80300032 113.52400206 84.80300032 3 P 0
L 112.88899952 88.55199968 112.88899952 89.50200032 3 P 0
L 113.52400206 83.85299968 113.52400206 84.80300032 3 P 0
L 114.0419995 72.83699936 114.0419995 80.7369988 4 P 0
L 114.0419995 72.83699936 121.64199954 72.83699936 4 P 0
L 114.0419995 80.7369988 121.64199954 80.7369988 4 P 0
L 116.53499934 82.65199878 116.53499934 91.59200122 3 P 0
L 116.53499934 82.65199878 123.88499988 82.65199878 3 P 0
L 116.53499934 91.59200122 123.88499988 91.59200122 3 P 0
L 121.64199954 72.83699936 121.64199954 80.7369988 4 P 0
L 123.88499988 82.65199878 123.88499988 91.59200122 3 P 0
L 123.88499988 91.59200122 123.88499988 95.52200098 3 P 0
