UNITS=MM
#Layer_Color=9474304
#
#Feature symbol names
#
$0 r127
$1 r169.33164

#
#Feature attribute names
#

#
#Layer features
#
A 117.61300074 82.80200102 117.61300074 82.80200102 117.10500074 82.80200102 1 P 0 N
A 117.61300074 91.44199898 117.61300074 91.44199898 117.10500074 91.44199898 1 P 0 N
L 76.454 98.298 76.454 98.552 0 P 0
L 76.454 98.298 76.708 98.298 0 P 0
L 76.454 98.552 76.708 98.806 0 P 0
L 76.454 99.06 76.454 99.314 0 P 0
L 76.454 99.06 76.708 98.806 0 P 0
L 76.454 99.314 76.708 99.314 0 P 0
L 76.581 96.647 76.581 96.901 0 P 0
L 76.581 96.647 76.835 96.647 0 P 0
L 76.581 96.901 76.835 97.155 0 P 0
L 76.581 97.409 76.581 97.663 0 P 0
L 76.581 97.409 76.835 97.155 0 P 0
L 76.581 97.663 76.835 97.663 0 P 0
L 76.708 98.298 76.962 98.552 0 P 0
L 76.708 99.314 76.962 99.06 0 P 0
L 76.835 89.662 76.835 89.916 0 P 0
L 76.835 89.662 77.089 89.662 0 P 0
L 76.835 89.916 77.089 90.17 0 P 0
L 76.835 90.424 76.835 90.678 0 P 0
L 76.835 90.424 77.089 90.17 0 P 0
L 76.835 90.678 77.089 90.678 0 P 0
L 76.835 96.647 77.089 96.901 0 P 0
L 76.835 97.663 77.089 97.409 0 P 0
L 76.962 98.552 77.216 98.298 0 P 0
L 76.962 99.06 77.216 99.314 0 P 0
L 77.089 89.662 77.343 89.916 0 P 0
L 77.089 90.678 77.343 90.424 0 P 0
L 77.089 96.901 77.343 96.647 0 P 0
L 77.089 97.409 77.343 97.663 0 P 0
L 77.216 98.298 77.47 98.298 0 P 0
L 77.216 98.806 77.47 98.552 0 P 0
L 77.216 98.806 77.47 99.06 0 P 0
L 77.216 99.314 77.47 99.314 0 P 0
L 77.343 89.916 77.597 89.662 0 P 0
L 77.343 90.424 77.597 90.678 0 P 0
L 77.343 96.647 77.597 96.647 0 P 0
L 77.343 97.155 77.597 96.901 0 P 0
L 77.343 97.155 77.597 97.409 0 P 0
L 77.343 97.663 77.597 97.663 0 P 0
L 77.47 98.298 77.47 98.552 0 P 0
L 77.47 99.06 77.47 99.314 0 P 0
L 77.597 89.662 77.851 89.662 0 P 0
L 77.597 90.17 77.851 89.916 0 P 0
L 77.597 90.17 77.851 90.424 0 P 0
L 77.597 90.678 77.851 90.678 0 P 0
L 77.597 96.647 77.597 96.901 0 P 0
L 77.597 97.409 77.597 97.663 0 P 0
L 77.851 89.662 77.851 89.916 0 P 0
L 77.851 90.424 77.851 90.678 0 P 0
L 78.486 95.25 78.486 95.504 0 P 0
L 78.486 95.25 78.74 95.25 0 P 0
L 78.486 95.504 78.74 95.758 0 P 0
L 78.486 96.012 78.486 96.266 0 P 0
L 78.486 96.012 78.74 95.758 0 P 0
L 78.486 96.266 78.74 96.266 0 P 0
L 78.74 95.25 78.994 95.504 0 P 0
L 78.74 96.266 78.994 96.012 0 P 0
L 78.867 89.789 78.867 90.043 0 P 0
L 78.867 89.789 79.121 89.789 0 P 0
L 78.867 90.043 79.121 90.297 0 P 0
L 78.867 90.551 78.867 90.805 0 P 0
L 78.867 90.551 79.121 90.297 0 P 0
L 78.867 90.805 79.121 90.805 0 P 0
L 78.994 94.107 78.994 94.361 0 P 0
L 78.994 94.107 79.248 94.107 0 P 0
L 78.994 94.361 79.248 94.615 0 P 0
L 78.994 94.869 78.994 95.123 0 P 0
L 78.994 94.869 79.248 94.615 0 P 0
L 78.994 95.123 79.248 95.123 0 P 0
L 78.994 95.504 79.248 95.25 0 P 0
L 78.994 96.012 79.248 96.266 0 P 0
L 79.121 89.789 79.375 90.043 0 P 0
L 79.121 90.805 79.375 90.551 0 P 0
L 79.248 94.107 79.502 94.361 0 P 0
L 79.248 95.123 79.502 94.869 0 P 0
L 79.248 95.25 79.502 95.25 0 P 0
L 79.248 95.758 79.502 95.504 0 P 0
L 79.248 95.758 79.502 96.012 0 P 0
L 79.248 96.266 79.502 96.266 0 P 0
L 79.375 90.043 79.629 89.789 0 P 0
L 79.375 90.551 79.629 90.805 0 P 0
L 79.502 72.517 79.756 73.025 0 P 0
L 79.502 72.517 80.01 72.771 0 P 0
L 79.502 73.533 79.756 73.025 0 P 0
L 79.502 73.533 80.01 73.279 0 P 0
L 79.502 94.361 79.756 94.107 0 P 0
L 79.502 94.869 79.756 95.123 0 P 0
L 79.502 95.25 79.502 95.504 0 P 0
L 79.502 96.012 79.502 96.266 0 P 0
L 79.629 89.789 79.883 89.789 0 P 0
L 79.629 90.297 79.883 90.043 0 P 0
L 79.629 90.297 79.883 90.551 0 P 0
L 79.629 90.805 79.883 90.805 0 P 0
L 79.756 94.107 80.01 94.107 0 P 0
L 79.756 94.615 80.01 94.361 0 P 0
L 79.756 94.615 80.01 94.869 0 P 0
L 79.756 95.123 80.01 95.123 0 P 0
L 79.82199936 83.37799936 79.82199936 83.63199936 0 P 0
L 79.82199936 83.37799936 80.07599936 83.37799936 0 P 0
L 79.82199936 83.63199936 80.07599936 83.88599936 0 P 0
L 79.82199936 84.13999936 79.82199936 84.39399936 0 P 0
L 79.82199936 84.13999936 80.07599936 83.88599936 0 P 0
L 79.82199936 84.39399936 80.07599936 84.39399936 0 P 0
L 79.883 89.789 79.883 90.043 0 P 0
L 79.883 90.551 79.883 90.805 0 P 0
L 80.01 72.771 80.518 72.517 0 P 0
L 80.01 73.279 80.518 73.533 0 P 0
L 80.01 89.789 80.01 90.043 0 P 0
L 80.01 89.789 80.264 89.789 0 P 0
L 80.01 90.043 80.264 90.297 0 P 0
L 80.01 90.551 80.01 90.805 0 P 0
L 80.01 90.551 80.264 90.297 0 P 0
L 80.01 90.805 80.264 90.805 0 P 0
L 80.01 94.107 80.01 94.361 0 P 0
L 80.01 94.869 80.01 95.123 0 P 0
L 80.07599936 83.37799936 80.32999936 83.63199936 0 P 0
L 80.07599936 84.39399936 80.32999936 84.13999936 0 P 0
L 80.264 73.025 80.518 72.517 0 P 0
L 80.264 73.025 80.518 73.533 0 P 0
L 80.264 89.789 80.518 90.043 0 P 0
L 80.264 90.805 80.518 90.551 0 P 0
L 80.32999936 83.63199936 80.58399936 83.37799936 0 P 0
L 80.32999936 84.13999936 80.58399936 84.39399936 0 P 0
L 80.518 90.043 80.772 89.789 0 P 0
L 80.518 90.551 80.772 90.805 0 P 0
L 80.58399936 83.37799936 80.83799936 83.37799936 0 P 0
L 80.58399936 83.88599936 80.83799936 83.63199936 0 P 0
L 80.58399936 83.88599936 80.83799936 84.13999936 0 P 0
L 80.58399936 84.39399936 80.83799936 84.39399936 0 P 0
L 80.772 89.789 81.026 89.789 0 P 0
L 80.772 90.297 81.026 90.043 0 P 0
L 80.772 90.297 81.026 90.551 0 P 0
L 80.772 90.805 81.026 90.805 0 P 0
L 80.83799936 83.37799936 80.83799936 83.63199936 0 P 0
L 80.83799936 84.13999936 80.83799936 84.39399936 0 P 0
L 81.026 88.011 81.026 88.265 0 P 0
L 81.026 88.011 81.28 88.011 0 P 0
L 81.026 88.265 81.28 88.519 0 P 0
L 81.026 88.773 81.026 89.027 0 P 0
L 81.026 88.773 81.28 88.519 0 P 0
L 81.026 89.027 81.28 89.027 0 P 0
L 81.026 89.789 81.026 90.043 0 P 0
L 81.026 90.551 81.026 90.805 0 P 0
L 81.28 88.011 81.534 88.265 0 P 0
L 81.28 89.027 81.534 88.773 0 P 0
L 81.534 88.265 81.788 88.011 0 P 0
L 81.534 88.773 81.788 89.027 0 P 0
L 81.788 88.011 82.042 88.011 0 P 0
L 81.788 88.519 82.042 88.265 0 P 0
L 81.788 88.519 82.042 88.773 0 P 0
L 81.788 89.027 82.042 89.027 0 P 0
L 82.042 72.517 82.296 73.025 0 P 0
L 82.042 72.517 82.55 72.771 0 P 0
L 82.042 73.533 82.296 73.025 0 P 0
L 82.042 73.533 82.55 73.279 0 P 0
L 82.042 88.011 82.042 88.265 0 P 0
L 82.042 88.773 82.042 89.027 0 P 0
L 82.423 87.122 82.423 87.376 0 P 0
L 82.423 87.122 82.677 87.122 0 P 0
L 82.423 87.376 82.677 87.63 0 P 0
L 82.423 87.884 82.423 88.138 0 P 0
L 82.423 87.884 82.677 87.63 0 P 0
L 82.423 88.138 82.677 88.138 0 P 0
L 82.55 72.771 83.058 72.517 0 P 0
L 82.55 73.279 83.058 73.533 0 P 0
L 82.677 87.122 82.931 87.376 0 P 0
L 82.677 88.138 82.931 87.884 0 P 0
L 82.804 73.025 83.058 72.517 0 P 0
L 82.804 73.025 83.058 73.533 0 P 0
L 82.931 87.376 83.185 87.122 0 P 0
L 82.931 87.884 83.185 88.138 0 P 0
L 83.185 87.122 83.439 87.122 0 P 0
L 83.185 87.63 83.439 87.376 0 P 0
L 83.185 87.63 83.439 87.884 0 P 0
L 83.185 88.138 83.439 88.138 0 P 0
L 83.40040216 93.2786552 83.40040216 93.5326552 0 P 0
L 83.40040216 93.2786552 83.65440216 93.2786552 0 P 0
L 83.40040216 93.5326552 83.65440216 93.7866552 0 P 0
L 83.40040216 94.0406552 83.40040216 94.2946552 0 P 0
L 83.40040216 94.0406552 83.65440216 93.7866552 0 P 0
L 83.40040216 94.2946552 83.65440216 94.2946552 0 P 0
L 83.40040216 95.0566552 83.40040216 95.3106552 0 P 0
L 83.40040216 95.0566552 83.65440216 95.0566552 0 P 0
L 83.40040216 95.3106552 83.65440216 95.5646552 0 P 0
L 83.40040216 95.8186552 83.40040216 96.0726552 0 P 0
L 83.40040216 95.8186552 83.65440216 95.5646552 0 P 0
L 83.40040216 96.0726552 83.65440216 96.0726552 0 P 0
L 83.40040216 96.8346552 83.40040216 97.0886552 0 P 0
L 83.40040216 96.8346552 83.65440216 96.8346552 0 P 0
L 83.40040216 97.0886552 83.65440216 97.3426552 0 P 0
L 83.40040216 97.5966552 83.40040216 97.8506552 0 P 0
L 83.40040216 97.5966552 83.65440216 97.3426552 0 P 0
L 83.40040216 97.8506552 83.65440216 97.8506552 0 P 0
L 83.439 87.122 83.439 87.376 0 P 0
L 83.439 87.884 83.439 88.138 0 P 0
L 83.65440216 93.2786552 83.90840216 93.5326552 0 P 0
L 83.65440216 94.2946552 83.90840216 94.0406552 0 P 0
L 83.65440216 95.0566552 83.90840216 95.3106552 0 P 0
L 83.65440216 96.0726552 83.90840216 95.8186552 0 P 0
L 83.65440216 96.8346552 83.90840216 97.0886552 0 P 0
L 83.65440216 97.8506552 83.90840216 97.5966552 0 P 0
L 83.90840216 93.5326552 84.16240216 93.2786552 0 P 0
L 83.90840216 94.0406552 84.16240216 94.2946552 0 P 0
L 83.90840216 95.3106552 84.16240216 95.0566552 0 P 0
L 83.90840216 95.8186552 84.16240216 96.0726552 0 P 0
L 83.90840216 97.0886552 84.16240216 96.8346552 0 P 0
L 83.90840216 97.5966552 84.16240216 97.8506552 0 P 0
L 84.16240216 93.2786552 84.41640216 93.2786552 0 P 0
L 84.16240216 93.7866552 84.41640216 93.5326552 0 P 0
L 84.16240216 93.7866552 84.41640216 94.0406552 0 P 0
L 84.16240216 94.2946552 84.41640216 94.2946552 0 P 0
L 84.16240216 95.0566552 84.41640216 95.0566552 0 P 0
L 84.16240216 95.5646552 84.41640216 95.3106552 0 P 0
L 84.16240216 95.5646552 84.41640216 95.8186552 0 P 0
L 84.16240216 96.0726552 84.41640216 96.0726552 0 P 0
L 84.16240216 96.8346552 84.41640216 96.8346552 0 P 0
L 84.16240216 97.3426552 84.41640216 97.0886552 0 P 0
L 84.16240216 97.3426552 84.41640216 97.5966552 0 P 0
L 84.16240216 97.8506552 84.41640216 97.8506552 0 P 0
L 84.41640216 93.2786552 84.41640216 93.5326552 0 P 0
L 84.41640216 94.0406552 84.41640216 94.2946552 0 P 0
L 84.41640216 95.0566552 84.41640216 95.3106552 0 P 0
L 84.41640216 95.8186552 84.41640216 96.0726552 0 P 0
L 84.41640216 96.8346552 84.41640216 97.0886552 0 P 0
L 84.41640216 97.5966552 84.41640216 97.8506552 0 P 0
L 84.455 87.884 84.455 88.138 0 P 0
L 84.455 87.884 84.709 87.884 0 P 0
L 84.455 88.138 84.709 88.392 0 P 0
L 84.455 88.646 84.455 88.9 0 P 0
L 84.455 88.646 84.709 88.392 0 P 0
L 84.455 88.9 84.709 88.9 0 P 0
L 84.709 87.884 84.963 88.138 0 P 0
L 84.709 88.9 84.963 88.646 0 P 0
L 84.963 80.518 84.963 80.772 0 P 0
L 84.963 80.518 85.217 80.518 0 P 0
L 84.963 80.772 85.217 81.026 0 P 0
L 84.963 81.28 84.963 81.534 0 P 0
L 84.963 81.28 85.217 81.026 0 P 0
L 84.963 81.534 85.217 81.534 0 P 0
L 84.963 88.138 85.217 87.884 0 P 0
L 84.963 88.646 85.217 88.9 0 P 0
L 85.217 80.518 85.471 80.772 0 P 0
L 85.217 81.534 85.471 81.28 0 P 0
L 85.217 87.884 85.471 87.884 0 P 0
L 85.217 88.392 85.471 88.138 0 P 0
L 85.217 88.392 85.471 88.646 0 P 0
L 85.217 88.9 85.471 88.9 0 P 0
L 85.471 80.772 85.725 80.518 0 P 0
L 85.471 81.28 85.725 81.534 0 P 0
L 85.471 87.884 85.471 88.138 0 P 0
L 85.471 88.646 85.471 88.9 0 P 0
L 85.725 80.518 85.979 80.518 0 P 0
L 85.725 81.026 85.979 80.772 0 P 0
L 85.725 81.026 85.979 81.28 0 P 0
L 85.725 81.534 85.979 81.534 0 P 0
L 85.979 80.518 85.979 80.772 0 P 0
L 85.979 81.28 85.979 81.534 0 P 0
L 86.614 81.915 86.614 82.169 0 P 0
L 86.614 81.915 86.868 81.915 0 P 0
L 86.614 82.169 86.868 82.423 0 P 0
L 86.614 82.677 86.614 82.931 0 P 0
L 86.614 82.677 86.868 82.423 0 P 0
L 86.614 82.931 86.868 82.931 0 P 0
L 86.868 81.915 87.122 82.169 0 P 0
L 86.868 82.931 87.122 82.677 0 P 0
L 87.122 82.169 87.376 81.915 0 P 0
L 87.122 82.677 87.376 82.931 0 P 0
L 87.376 81.915 87.63 81.915 0 P 0
L 87.376 82.423 87.63 82.169 0 P 0
L 87.376 82.423 87.63 82.677 0 P 0
L 87.376 82.931 87.63 82.931 0 P 0
L 87.63 81.915 87.63 82.169 0 P 0
L 87.63 82.677 87.63 82.931 0 P 0
L 88.011 78.486 88.011 78.74 0 P 0
L 88.011 78.486 88.265 78.486 0 P 0
L 88.011 78.74 88.265 78.994 0 P 0
L 88.011 79.248 88.011 79.502 0 P 0
L 88.011 79.248 88.265 78.994 0 P 0
L 88.011 79.502 88.265 79.502 0 P 0
L 88.011 88.011 88.011 88.265 0 P 0
L 88.011 88.011 88.265 88.011 0 P 0
L 88.011 88.265 88.265 88.519 0 P 0
L 88.011 88.773 88.011 89.027 0 P 0
L 88.011 88.773 88.265 88.519 0 P 0
L 88.011 89.027 88.265 89.027 0 P 0
L 88.138 85.852 88.138 86.106 0 P 0
L 88.138 85.852 88.392 85.852 0 P 0
L 88.138 86.106 88.392 86.36 0 P 0
L 88.138 86.614 88.138 86.868 0 P 0
L 88.138 86.614 88.392 86.36 0 P 0
L 88.138 86.868 88.392 86.868 0 P 0
L 88.265 78.486 88.519 78.74 0 P 0
L 88.265 79.502 88.519 79.248 0 P 0
L 88.265 88.011 88.519 88.265 0 P 0
L 88.265 89.027 88.519 88.773 0 P 0
L 88.392 85.852 88.646 86.106 0 P 0
L 88.392 86.868 88.646 86.614 0 P 0
L 88.519 78.74 88.773 78.486 0 P 0
L 88.519 79.248 88.773 79.502 0 P 0
L 88.519 88.265 88.773 88.011 0 P 0
L 88.519 88.773 88.773 89.027 0 P 0
L 88.646 82.042 88.646 82.296 0 P 0
L 88.646 82.042 88.9 82.042 0 P 0
L 88.646 82.296 88.9 82.55 0 P 0
L 88.646 82.804 88.646 83.058 0 P 0
L 88.646 82.804 88.9 82.55 0 P 0
L 88.646 83.058 88.9 83.058 0 P 0
L 88.646 86.106 88.9 85.852 0 P 0
L 88.646 86.614 88.9 86.868 0 P 0
L 88.773 78.486 89.027 78.486 0 P 0
L 88.773 78.994 89.027 78.74 0 P 0
L 88.773 78.994 89.027 79.248 0 P 0
L 88.773 79.502 89.027 79.502 0 P 0
L 88.773 88.011 89.027 88.011 0 P 0
L 88.773 88.519 89.027 88.265 0 P 0
L 88.773 88.519 89.027 88.773 0 P 0
L 88.773 89.027 89.027 89.027 0 P 0
L 88.9 82.042 89.154 82.296 0 P 0
L 88.9 83.058 89.154 82.804 0 P 0
L 88.9 85.852 89.154 85.852 0 P 0
L 88.9 86.36 89.154 86.106 0 P 0
L 88.9 86.36 89.154 86.614 0 P 0
L 88.9 86.868 89.154 86.868 0 P 0
L 89.027 78.486 89.027 78.74 0 P 0
L 89.027 79.248 89.027 79.502 0 P 0
L 89.027 88.011 89.027 88.265 0 P 0
L 89.027 88.773 89.027 89.027 0 P 0
L 89.154 82.296 89.408 82.042 0 P 0
L 89.154 82.804 89.408 83.058 0 P 0
L 89.154 85.852 89.154 86.106 0 P 0
L 89.154 86.614 89.154 86.868 0 P 0
L 89.408 82.042 89.662 82.042 0 P 0
L 89.408 82.55 89.662 82.296 0 P 0
L 89.408 82.55 89.662 82.804 0 P 0
L 89.408 83.058 89.662 83.058 0 P 0
L 89.662 75.438 89.662 75.692 0 P 0
L 89.662 75.438 89.916 75.438 0 P 0
L 89.662 75.692 89.916 75.946 0 P 0
L 89.662 76.2 89.662 76.454 0 P 0
L 89.662 76.2 89.916 75.946 0 P 0
L 89.662 76.454 89.916 76.454 0 P 0
L 89.662 82.042 89.662 82.296 0 P 0
L 89.662 82.804 89.662 83.058 0 P 0
L 89.916 75.438 90.17 75.692 0 P 0
L 89.916 76.454 90.17 76.2 0 P 0
L 90.043 81.407 90.043 81.661 0 P 0
L 90.043 81.407 90.297 81.407 0 P 0
L 90.043 81.661 90.297 81.915 0 P 0
L 90.043 82.169 90.043 82.423 0 P 0
L 90.043 82.169 90.297 81.915 0 P 0
L 90.043 82.423 90.297 82.423 0 P 0
L 90.17 75.692 90.424 75.438 0 P 0
L 90.17 76.2 90.424 76.454 0 P 0
L 90.297 81.407 90.551 81.661 0 P 0
L 90.297 82.423 90.551 82.169 0 P 0
L 90.424 75.438 90.678 75.438 0 P 0
L 90.424 75.946 90.678 75.692 0 P 0
L 90.424 75.946 90.678 76.2 0 P 0
L 90.424 76.454 90.678 76.454 0 P 0
L 90.551 81.661 90.805 81.407 0 P 0
L 90.551 82.169 90.805 82.423 0 P 0
L 90.678 75.438 90.678 75.692 0 P 0
L 90.678 76.2 90.678 76.454 0 P 0
L 90.71200044 69.75700044 90.71200044 70.01100044 0 P 0
L 90.71200044 69.75700044 90.96600044 69.75700044 0 P 0
L 90.71200044 70.01100044 90.96600044 70.26500044 0 P 0
L 90.71200044 70.51900044 90.71200044 70.77300044 0 P 0
L 90.71200044 70.51900044 90.96600044 70.26500044 0 P 0
L 90.71200044 70.77300044 90.96600044 70.77300044 0 P 0
L 90.75337704 72.46537704 90.75337704 72.71937704 0 P 0
L 90.75337704 72.46537704 91.00737704 72.46537704 0 P 0
L 90.75337704 72.71937704 91.00737704 72.97337704 0 P 0
L 90.75337704 73.22737704 90.75337704 73.48137704 0 P 0
L 90.75337704 73.22737704 91.00737704 72.97337704 0 P 0
L 90.75337704 73.48137704 91.00737704 73.48137704 0 P 0
L 90.805 81.407 91.059 81.407 0 P 0
L 90.805 81.915 91.059 81.661 0 P 0
L 90.805 81.915 91.059 82.169 0 P 0
L 90.805 82.423 91.059 82.423 0 P 0
L 90.96600044 69.75700044 91.22000044 70.01100044 0 P 0
L 90.96600044 70.77300044 91.22000044 70.51900044 0 P 0
L 91.00737704 72.46537704 91.26137704 72.71937704 0 P 0
L 91.00737704 73.48137704 91.26137704 73.22737704 0 P 0
L 91.059 81.407 91.059 81.661 0 P 0
L 91.059 82.169 91.059 82.423 0 P 0
L 91.22000044 70.01100044 91.47400044 69.75700044 0 P 0
L 91.22000044 70.51900044 91.47400044 70.77300044 0 P 0
L 91.26137704 72.71937704 91.51537704 72.46537704 0 P 0
L 91.26137704 73.22737704 91.51537704 73.48137704 0 P 0
L 91.313 93.218 91.313 93.472 0 P 0
L 91.313 93.218 91.567 93.218 0 P 0
L 91.313 93.472 91.567 93.726 0 P 0
L 91.313 93.98 91.313 94.234 0 P 0
L 91.313 93.98 91.567 93.726 0 P 0
L 91.313 94.234 91.567 94.234 0 P 0
L 91.313 94.996 91.313 95.25 0 P 0
L 91.313 94.996 91.567 94.996 0 P 0
L 91.313 95.25 91.567 95.504 0 P 0
L 91.313 95.758 91.313 96.012 0 P 0
L 91.313 95.758 91.567 95.504 0 P 0
L 91.313 96.012 91.567 96.012 0 P 0
L 91.313 96.647 91.313 96.901 0 P 0
L 91.313 96.647 91.567 96.647 0 P 0
L 91.313 96.901 91.567 97.155 0 P 0
L 91.313 97.409 91.313 97.663 0 P 0
L 91.313 97.409 91.567 97.155 0 P 0
L 91.313 97.663 91.567 97.663 0 P 0
L 91.47400044 69.75700044 91.72800044 69.75700044 0 P 0
L 91.47400044 70.26500044 91.72800044 70.01100044 0 P 0
L 91.47400044 70.26500044 91.72800044 70.51900044 0 P 0
L 91.47400044 70.77300044 91.72800044 70.77300044 0 P 0
L 91.51537704 72.46537704 91.76937704 72.46537704 0 P 0
L 91.51537704 72.97337704 91.76937704 72.71937704 0 P 0
L 91.51537704 72.97337704 91.76937704 73.22737704 0 P 0
L 91.51537704 73.48137704 91.76937704 73.48137704 0 P 0
L 91.567 93.218 91.821 93.472 0 P 0
L 91.567 94.234 91.821 93.98 0 P 0
L 91.567 94.996 91.821 95.25 0 P 0
L 91.567 96.012 91.821 95.758 0 P 0
L 91.567 96.647 91.821 96.901 0 P 0
L 91.567 97.663 91.821 97.409 0 P 0
L 91.72800044 69.75700044 91.72800044 70.01100044 0 P 0
L 91.72800044 70.51900044 91.72800044 70.77300044 0 P 0
L 91.76937704 72.46537704 91.76937704 72.71937704 0 P 0
L 91.76937704 73.22737704 91.76937704 73.48137704 0 P 0
L 91.821 93.472 92.075 93.218 0 P 0
L 91.821 93.98 92.075 94.234 0 P 0
L 91.821 95.25 92.075 94.996 0 P 0
L 91.821 95.758 92.075 96.012 0 P 0
L 91.821 96.901 92.075 96.647 0 P 0
L 91.821 97.409 92.075 97.663 0 P 0
L 92.075 93.218 92.329 93.218 0 P 0
L 92.075 93.726 92.329 93.472 0 P 0
L 92.075 93.726 92.329 93.98 0 P 0
L 92.075 94.234 92.329 94.234 0 P 0
L 92.075 94.996 92.329 94.996 0 P 0
L 92.075 95.504 92.329 95.25 0 P 0
L 92.075 95.504 92.329 95.758 0 P 0
L 92.075 96.012 92.329 96.012 0 P 0
L 92.075 96.647 92.329 96.647 0 P 0
L 92.075 97.155 92.329 96.901 0 P 0
L 92.075 97.155 92.329 97.409 0 P 0
L 92.075 97.663 92.329 97.663 0 P 0
L 92.329 78.359 92.329 78.613 0 P 0
L 92.329 78.359 92.583 78.359 0 P 0
L 92.329 78.613 92.583 78.867 0 P 0
L 92.329 79.121 92.329 79.375 0 P 0
L 92.329 79.121 92.583 78.867 0 P 0
L 92.329 79.375 92.583 79.375 0 P 0
L 92.329 93.218 92.329 93.472 0 P 0
L 92.329 93.98 92.329 94.234 0 P 0
L 92.329 94.996 92.329 95.25 0 P 0
L 92.329 95.758 92.329 96.012 0 P 0
L 92.329 96.647 92.329 96.901 0 P 0
L 92.329 97.409 92.329 97.663 0 P 0
L 92.583 78.359 92.837 78.613 0 P 0
L 92.583 79.375 92.837 79.121 0 P 0
L 92.837 78.613 93.091 78.359 0 P 0
L 92.837 79.121 93.091 79.375 0 P 0
L 93.091 78.359 93.345 78.359 0 P 0
L 93.091 78.867 93.345 78.613 0 P 0
L 93.091 78.867 93.345 79.121 0 P 0
L 93.091 79.375 93.345 79.375 0 P 0
L 93.345 78.359 93.345 78.613 0 P 0
L 93.345 79.121 93.345 79.375 0 P 0
L 93.345 88.519 93.345 88.773 0 P 0
L 93.345 88.519 93.599 88.519 0 P 0
L 93.345 88.773 93.599 89.027 0 P 0
L 93.345 89.281 93.345 89.535 0 P 0
L 93.345 89.281 93.599 89.027 0 P 0
L 93.345 89.535 93.599 89.535 0 P 0
L 93.472 78.994 93.472 79.248 0 P 0
L 93.472 78.994 93.726 78.994 0 P 0
L 93.472 79.248 93.726 79.502 0 P 0
L 93.472 79.756 93.472 80.01 0 P 0
L 93.472 79.756 93.726 79.502 0 P 0
L 93.472 80.01 93.726 80.01 0 P 0
L 93.599 88.519 93.853 88.773 0 P 0
L 93.599 89.535 93.853 89.281 0 P 0
L 93.726 78.994 93.98 79.248 0 P 0
L 93.726 80.01 93.98 79.756 0 P 0
L 93.853 88.773 94.107 88.519 0 P 0
L 93.853 89.281 94.107 89.535 0 P 0
L 93.98 79.248 94.234 78.994 0 P 0
L 93.98 79.756 94.234 80.01 0 P 0
L 94.107 88.519 94.361 88.519 0 P 0
L 94.107 89.027 94.361 88.773 0 P 0
L 94.107 89.027 94.361 89.281 0 P 0
L 94.107 89.535 94.361 89.535 0 P 0
L 94.234 78.994 94.488 78.994 0 P 0
L 94.234 79.502 94.488 79.248 0 P 0
L 94.234 79.502 94.488 79.756 0 P 0
L 94.234 80.01 94.488 80.01 0 P 0
L 94.361 73.152 94.361 73.406 0 P 0
L 94.361 73.152 94.615 73.152 0 P 0
L 94.361 73.406 94.615 73.66 0 P 0
L 94.361 73.914 94.361 74.168 0 P 0
L 94.361 73.914 94.615 73.66 0 P 0
L 94.361 74.168 94.615 74.168 0 P 0
L 94.361 88.519 94.361 88.773 0 P 0
L 94.361 89.281 94.361 89.535 0 P 0
L 94.488 78.994 94.488 79.248 0 P 0
L 94.488 79.756 94.488 80.01 0 P 0
L 94.615 73.152 94.869 73.406 0 P 0
L 94.615 74.168 94.869 73.914 0 P 0
L 94.869 73.406 95.123 73.152 0 P 0
L 94.869 73.914 95.123 74.168 0 P 0
L 94.996 99.441 94.996 99.695 0 P 0
L 94.996 99.441 95.25 99.441 0 P 0
L 94.996 99.695 95.25 99.949 0 P 0
L 94.996 100.203 94.996 100.457 0 P 0
L 94.996 100.203 95.25 99.949 0 P 0
L 94.996 100.457 95.25 100.457 0 P 0
L 95.123 73.152 95.377 73.152 0 P 0
L 95.123 73.66 95.377 73.406 0 P 0
L 95.123 73.66 95.377 73.914 0 P 0
L 95.123 74.168 95.377 74.168 0 P 0
L 95.25 99.441 95.504 99.695 0 P 0
L 95.25 100.457 95.504 100.203 0 P 0
L 95.377 73.152 95.377 73.406 0 P 0
L 95.377 73.914 95.377 74.168 0 P 0
L 95.504 99.695 95.758 99.441 0 P 0
L 95.504 100.203 95.758 100.457 0 P 0
L 95.758 99.441 96.012 99.441 0 P 0
L 95.758 99.949 96.012 99.695 0 P 0
L 95.758 99.949 96.012 100.203 0 P 0
L 95.758 100.457 96.012 100.457 0 P 0
L 95.885 73.152 95.885 73.406 0 P 0
L 95.885 73.152 96.139 73.152 0 P 0
L 95.885 73.406 96.139 73.66 0 P 0
L 95.885 73.914 95.885 74.168 0 P 0
L 95.885 73.914 96.139 73.66 0 P 0
L 95.885 74.168 96.139 74.168 0 P 0
L 95.93300092 70.104 96.18700092 70.104 0 P 0
L 95.93300092 70.104 96.18700092 70.358 0 P 0
L 95.93300092 70.612 96.18700092 70.358 0 P 0
L 95.93300092 70.612 96.18700092 70.612 0 P 0
L 96.012 99.441 96.012 99.695 0 P 0
L 96.012 100.203 96.012 100.457 0 P 0
L 96.139 73.152 96.393 73.406 0 P 0
L 96.139 74.168 96.393 73.914 0 P 0
L 96.18700092 70.104 96.44100092 69.85 0 P 0
L 96.18700092 70.612 96.44100092 70.866 0 P 0
L 96.266 94.742 96.266 94.996 0 P 0
L 96.266 94.742 96.52 94.742 0 P 0
L 96.266 94.996 96.52 95.25 0 P 0
L 96.266 95.504 96.266 95.758 0 P 0
L 96.266 95.504 96.52 95.25 0 P 0
L 96.266 95.758 96.52 95.758 0 P 0
L 96.393 73.406 96.647 73.152 0 P 0
L 96.393 73.914 96.647 74.168 0 P 0
L 96.44100092 69.85 96.69500092 70.104 0 P 0
L 96.44100092 70.866 96.69500092 70.612 0 P 0
L 96.52 94.742 96.774 94.996 0 P 0
L 96.52 95.758 96.774 95.504 0 P 0
L 96.647 73.152 96.901 73.152 0 P 0
L 96.647 73.66 96.901 73.406 0 P 0
L 96.647 73.66 96.901 73.914 0 P 0
L 96.647 74.168 96.901 74.168 0 P 0
L 96.69500092 70.104 96.94900092 70.104 0 P 0
L 96.69500092 70.358 96.94900092 70.104 0 P 0
L 96.69500092 70.358 96.94900092 70.612 0 P 0
L 96.69500092 70.612 96.94900092 70.612 0 P 0
L 96.774 83.566 96.774 83.82 0 P 0
L 96.774 83.566 97.028 83.566 0 P 0
L 96.774 83.82 97.028 84.074 0 P 0
L 96.774 84.328 96.774 84.582 0 P 0
L 96.774 84.328 97.028 84.074 0 P 0
L 96.774 84.582 97.028 84.582 0 P 0
L 96.774 94.996 97.028 94.742 0 P 0
L 96.774 95.504 97.028 95.758 0 P 0
L 96.901 73.152 96.901 73.406 0 P 0
L 96.901 73.914 96.901 74.168 0 P 0
L 97.028 83.566 97.282 83.82 0 P 0
L 97.028 84.582 97.282 84.328 0 P 0
L 97.028 94.742 97.282 94.742 0 P 0
L 97.028 95.25 97.282 94.996 0 P 0
L 97.028 95.25 97.282 95.504 0 P 0
L 97.028 95.758 97.282 95.758 0 P 0
L 97.282 83.82 97.536 83.566 0 P 0
L 97.282 84.328 97.536 84.582 0 P 0
L 97.282 94.742 97.282 94.996 0 P 0
L 97.282 95.504 97.282 95.758 0 P 0
L 97.44899992 80.264 97.44899992 80.518 0 P 0
L 97.44899992 80.264 97.70299992 80.264 0 P 0
L 97.44899992 80.518 97.70299992 80.772 0 P 0
L 97.44899992 81.026 97.44899992 81.28 0 P 0
L 97.44899992 81.026 97.70299992 80.772 0 P 0
L 97.44899992 81.28 97.70299992 81.28 0 P 0
L 97.536 83.566 97.79 83.566 0 P 0
L 97.536 84.074 97.79 83.82 0 P 0
L 97.536 84.074 97.79 84.328 0 P 0
L 97.536 84.582 97.79 84.582 0 P 0
L 97.70299992 80.264 97.95699992 80.518 0 P 0
L 97.70299992 81.28 97.95699992 81.026 0 P 0
L 97.74567192 92.28467192 97.74567192 92.53867192 0 P 0
L 97.74567192 92.28467192 97.99967192 92.28467192 0 P 0
L 97.74567192 92.53867192 97.99967192 92.79267192 0 P 0
L 97.74567192 93.04667192 97.74567192 93.30067192 0 P 0
L 97.74567192 93.04667192 97.99967192 92.79267192 0 P 0
L 97.74567192 93.30067192 97.99967192 93.30067192 0 P 0
L 97.79 83.566 97.79 83.82 0 P 0
L 97.79 84.328 97.79 84.582 0 P 0
L 97.95699992 80.518 98.21099992 80.264 0 P 0
L 97.95699992 81.026 98.21099992 81.28 0 P 0
L 97.99967192 92.28467192 98.25367192 92.53867192 0 P 0
L 97.99967192 93.30067192 98.25367192 93.04667192 0 P 0
L 98.21099992 80.264 98.46499992 80.264 0 P 0
L 98.21099992 80.772 98.46499992 80.518 0 P 0
L 98.21099992 80.772 98.46499992 81.026 0 P 0
L 98.21099992 81.28 98.46499992 81.28 0 P 0
L 98.25367192 92.53867192 98.50767192 92.28467192 0 P 0
L 98.25367192 93.04667192 98.50767192 93.30067192 0 P 0
L 98.46499992 80.264 98.46499992 80.518 0 P 0
L 98.46499992 81.026 98.46499992 81.28 0 P 0
L 98.50767192 92.28467192 98.76167192 92.28467192 0 P 0
L 98.50767192 92.79267192 98.76167192 92.53867192 0 P 0
L 98.50767192 92.79267192 98.76167192 93.04667192 0 P 0
L 98.50767192 93.30067192 98.76167192 93.30067192 0 P 0
L 98.76167192 92.28467192 98.76167192 92.53867192 0 P 0
L 98.76167192 93.04667192 98.76167192 93.30067192 0 P 0
L 98.933 70.104 99.187 70.104 0 P 0
L 98.933 70.104 99.187 70.358 0 P 0
L 98.933 70.612 99.187 70.358 0 P 0
L 98.933 70.612 99.187 70.612 0 P 0
L 99.187 70.104 99.441 69.85 0 P 0
L 99.187 70.612 99.441 70.866 0 P 0
L 99.441 69.85 99.695 70.104 0 P 0
L 99.441 70.866 99.695 70.612 0 P 0
L 99.695 70.104 99.949 70.104 0 P 0
L 99.695 70.358 99.949 70.104 0 P 0
L 99.695 70.358 99.949 70.612 0 P 0
L 99.695 70.612 99.949 70.612 0 P 0
L 99.822 90.678 99.822 90.932 0 P 0
L 99.822 90.678 100.076 90.678 0 P 0
L 99.822 90.932 100.076 91.186 0 P 0
L 99.822 91.44 99.822 91.694 0 P 0
L 99.822 91.44 100.076 91.186 0 P 0
L 99.822 91.694 100.076 91.694 0 P 0
L 100.076 90.678 100.33 90.932 0 P 0
L 100.076 91.694 100.33 91.44 0 P 0
L 100.33 90.932 100.584 90.678 0 P 0
L 100.33 91.44 100.584 91.694 0 P 0
L 100.584 90.678 100.838 90.678 0 P 0
L 100.584 91.186 100.838 90.932 0 P 0
L 100.584 91.186 100.838 91.44 0 P 0
L 100.584 91.694 100.838 91.694 0 P 0
L 100.838 73.406 100.838 73.66 0 P 0
L 100.838 73.406 101.092 73.406 0 P 0
L 100.838 73.66 101.092 73.914 0 P 0
L 100.838 74.168 100.838 74.422 0 P 0
L 100.838 74.168 101.092 73.914 0 P 0
L 100.838 74.422 101.092 74.422 0 P 0
L 100.838 90.678 100.838 90.932 0 P 0
L 100.838 91.44 100.838 91.694 0 P 0
L 101.092 73.406 101.346 73.66 0 P 0
L 101.092 74.422 101.346 74.168 0 P 0
L 101.219 72.517 101.219 72.771 0 P 0
L 101.219 72.517 101.473 72.517 0 P 0
L 101.219 72.771 101.473 73.025 0 P 0
L 101.219 73.279 101.219 73.533 0 P 0
L 101.219 73.279 101.473 73.025 0 P 0
L 101.219 73.533 101.473 73.533 0 P 0
L 101.346 73.66 101.6 73.406 0 P 0
L 101.346 74.168 101.6 74.422 0 P 0
L 101.473 72.517 101.727 72.771 0 P 0
L 101.473 73.533 101.727 73.279 0 P 0
L 101.473 89.408 101.473 89.662 0 P 0
L 101.473 89.408 101.727 89.408 0 P 0
L 101.473 89.662 101.727 89.916 0 P 0
L 101.473 90.17 101.473 90.424 0 P 0
L 101.473 90.17 101.727 89.916 0 P 0
L 101.473 90.424 101.727 90.424 0 P 0
L 101.6 73.406 101.854 73.406 0 P 0
L 101.6 73.914 101.854 73.66 0 P 0
L 101.6 73.914 101.854 74.168 0 P 0
L 101.6 74.422 101.854 74.422 0 P 0
L 101.6 98.552 101.6 99.06 0 P 0
L 101.6 98.552 101.854 98.552 0 P 0
L 101.6 99.06 101.854 99.06 0 P 0
L 101.727 72.771 101.981 72.517 0 P 0
L 101.727 73.279 101.981 73.533 0 P 0
L 101.727 78.105 101.727 78.359 0 P 0
L 101.727 78.105 101.981 78.105 0 P 0
L 101.727 78.359 101.981 78.613 0 P 0
L 101.727 78.867 101.727 79.121 0 P 0
L 101.727 78.867 101.981 78.613 0 P 0
L 101.727 79.121 101.981 79.121 0 P 0
L 101.727 89.408 101.981 89.662 0 P 0
L 101.727 90.424 101.981 90.17 0 P 0
L 101.854 73.406 101.854 73.66 0 P 0
L 101.854 74.168 101.854 74.422 0 P 0
L 101.854 98.298 101.854 98.552 0 P 0
L 101.854 98.298 102.362 98.298 0 P 0
L 101.854 99.06 101.854 99.314 0 P 0
L 101.854 99.314 102.362 99.314 0 P 0
L 101.981 72.517 102.235 72.517 0 P 0
L 101.981 73.025 102.235 72.771 0 P 0
L 101.981 73.025 102.235 73.279 0 P 0
L 101.981 73.533 102.235 73.533 0 P 0
L 101.981 78.105 102.235 78.359 0 P 0
L 101.981 79.121 102.235 78.867 0 P 0
L 101.981 89.662 102.235 89.408 0 P 0
L 101.981 90.17 102.235 90.424 0 P 0
L 102.235 72.517 102.235 72.771 0 P 0
L 102.235 72.898 102.235 73.152 0 P 0
L 102.235 72.898 102.489 72.898 0 P 0
L 102.235 73.152 102.489 73.406 0 P 0
L 102.235 73.279 102.235 73.533 0 P 0
L 102.235 73.66 102.235 73.914 0 P 0
L 102.235 73.66 102.489 73.406 0 P 0
L 102.235 73.914 102.489 73.914 0 P 0
L 102.235 78.359 102.489 78.105 0 P 0
L 102.235 78.867 102.489 79.121 0 P 0
L 102.235 89.408 102.489 89.408 0 P 0
L 102.235 89.916 102.489 89.662 0 P 0
L 102.235 89.916 102.489 90.17 0 P 0
L 102.235 90.424 102.489 90.424 0 P 0
L 102.362 98.298 102.362 98.552 0 P 0
L 102.362 98.552 102.616 98.552 0 P 0
L 102.362 99.06 102.362 99.314 0 P 0
L 102.362 99.06 102.616 99.06 0 P 0
L 102.489 72.898 102.743 73.152 0 P 0
L 102.489 73.914 102.743 73.66 0 P 0
L 102.489 76.835 102.489 77.089 0 P 0
L 102.489 76.835 102.743 76.835 0 P 0
L 102.489 77.089 102.743 77.343 0 P 0
L 102.489 77.597 102.489 77.851 0 P 0
L 102.489 77.597 102.743 77.343 0 P 0
L 102.489 77.851 102.743 77.851 0 P 0
L 102.489 78.105 102.743 78.105 0 P 0
L 102.489 78.613 102.743 78.359 0 P 0
L 102.489 78.613 102.743 78.867 0 P 0
L 102.489 79.121 102.743 79.121 0 P 0
L 102.489 89.408 102.489 89.662 0 P 0
L 102.489 90.17 102.489 90.424 0 P 0
L 102.616 98.552 102.616 99.06 0 P 0
L 102.743 73.152 102.997 72.898 0 P 0
L 102.743 73.66 102.997 73.914 0 P 0
L 102.743 76.835 102.997 77.089 0 P 0
L 102.743 77.851 102.997 77.597 0 P 0
L 102.743 78.105 102.743 78.359 0 P 0
L 102.743 78.74 102.743 78.994 0 P 0
L 102.743 78.74 102.997 78.74 0 P 0
L 102.743 78.867 102.743 79.121 0 P 0
L 102.743 78.994 102.997 79.248 0 P 0
L 102.743 79.502 102.743 79.756 0 P 0
L 102.743 79.502 102.997 79.248 0 P 0
L 102.743 79.756 102.997 79.756 0 P 0
L 102.997 72.898 103.251 72.898 0 P 0
L 102.997 73.406 103.251 73.152 0 P 0
L 102.997 73.406 103.251 73.66 0 P 0
L 102.997 73.914 103.251 73.914 0 P 0
L 102.997 77.089 103.251 76.835 0 P 0
L 102.997 77.597 103.251 77.851 0 P 0
L 102.997 78.74 103.251 78.994 0 P 0
L 102.997 79.756 103.251 79.502 0 P 0
L 103.251 72.898 103.251 73.152 0 P 0
L 103.251 73.66 103.251 73.914 0 P 0
L 103.251 76.835 103.505 76.835 0 P 0
L 103.251 77.343 103.505 77.089 0 P 0
L 103.251 77.343 103.505 77.597 0 P 0
L 103.251 77.851 103.505 77.851 0 P 0
L 103.251 78.994 103.505 78.74 0 P 0
L 103.251 79.502 103.505 79.756 0 P 0
L 103.505 76.835 103.505 77.089 0 P 0
L 103.505 77.597 103.505 77.851 0 P 0
L 103.505 78.74 103.759 78.74 0 P 0
L 103.505 79.248 103.759 78.994 0 P 0
L 103.505 79.248 103.759 79.502 0 P 0
L 103.505 79.756 103.759 79.756 0 P 0
L 103.759 71.755 103.759 72.009 0 P 0
L 103.759 71.755 104.013 71.755 0 P 0
L 103.759 72.009 104.013 72.263 0 P 0
L 103.759 72.517 103.759 72.771 0 P 0
L 103.759 72.517 104.013 72.263 0 P 0
L 103.759 72.771 104.013 72.771 0 P 0
L 103.759 78.74 103.759 78.994 0 P 0
L 103.759 79.502 103.759 79.756 0 P 0
L 104.013 71.755 104.267 72.009 0 P 0
L 104.013 72.771 104.267 72.517 0 P 0
L 104.267 72.009 104.521 71.755 0 P 0
L 104.267 72.517 104.521 72.771 0 P 0
L 104.521 71.755 104.775 71.755 0 P 0
L 104.521 72.263 104.775 72.009 0 P 0
L 104.521 72.263 104.775 72.517 0 P 0
L 104.521 72.771 104.775 72.771 0 P 0
L 104.775 71.755 104.775 72.009 0 P 0
L 104.775 72.517 104.775 72.771 0 P 0
L 105.13600004 70.25099996 105.13600004 70.50499996 0 P 0
L 105.13600004 70.25099996 105.39000004 70.25099996 0 P 0
L 105.13600004 70.50499996 105.39000004 70.75899996 0 P 0
L 105.13600004 71.01299996 105.13600004 71.26699996 0 P 0
L 105.13600004 71.01299996 105.39000004 70.75899996 0 P 0
L 105.13600004 71.26699996 105.39000004 71.26699996 0 P 0
L 105.283 78.613 105.283 78.867 0 P 0
L 105.283 78.613 105.537 78.613 0 P 0
L 105.283 78.867 105.537 79.121 0 P 0
L 105.283 79.375 105.283 79.629 0 P 0
L 105.283 79.375 105.537 79.121 0 P 0
L 105.283 79.629 105.537 79.629 0 P 0
L 105.39000004 70.25099996 105.64400004 70.50499996 0 P 0
L 105.39000004 71.26699996 105.64400004 71.01299996 0 P 0
L 105.537 78.613 105.791 78.867 0 P 0
L 105.537 79.629 105.791 79.375 0 P 0
L 105.64400004 70.50499996 105.89800004 70.25099996 0 P 0
L 105.64400004 71.01299996 105.89800004 71.26699996 0 P 0
L 105.791 78.867 106.045 78.613 0 P 0
L 105.791 79.375 106.045 79.629 0 P 0
L 105.89800004 70.25099996 106.15200004 70.25099996 0 P 0
L 105.89800004 70.75899996 106.15200004 70.50499996 0 P 0
L 105.89800004 70.75899996 106.15200004 71.01299996 0 P 0
L 105.89800004 71.26699996 106.15200004 71.26699996 0 P 0
L 106.045 78.613 106.299 78.613 0 P 0
L 106.045 79.121 106.299 78.867 0 P 0
L 106.045 79.121 106.299 79.375 0 P 0
L 106.045 79.629 106.299 79.629 0 P 0
L 106.15200004 70.25099996 106.15200004 70.50499996 0 P 0
L 106.15200004 71.01299996 106.15200004 71.26699996 0 P 0
L 106.299 78.613 106.299 78.867 0 P 0
L 106.299 79.375 106.299 79.629 0 P 0
L 107.315 76.073 107.315 76.327 0 P 0
L 107.315 76.073 107.569 76.073 0 P 0
L 107.315 76.327 107.569 76.581 0 P 0
L 107.315 76.835 107.315 77.089 0 P 0
L 107.315 76.835 107.569 76.581 0 P 0
L 107.315 77.089 107.569 77.089 0 P 0
L 107.442 83.312 107.95 82.804 0 P 0
L 107.442 83.312 107.95 83.82 0 P 0
L 107.569 76.073 107.823 76.327 0 P 0
L 107.569 77.089 107.823 76.835 0 P 0
L 107.823 76.327 108.077 76.073 0 P 0
L 107.823 76.835 108.077 77.089 0 P 0
L 107.95 82.804 108.458 83.312 0 P 0
L 107.95 83.82 108.458 83.312 0 P 0
L 108.077 76.073 108.331 76.073 0 P 0
L 108.077 76.581 108.331 76.327 0 P 0
L 108.077 76.581 108.331 76.835 0 P 0
L 108.077 77.089 108.331 77.089 0 P 0
L 108.331 76.073 108.331 76.327 0 P 0
L 108.331 76.835 108.331 77.089 0 P 0
L 108.712 70.485 108.712 70.739 0 P 0
L 108.712 70.485 108.966 70.485 0 P 0
L 108.712 70.739 108.966 70.993 0 P 0
L 108.712 71.247 108.712 71.501 0 P 0
L 108.712 71.247 108.966 70.993 0 P 0
L 108.712 71.501 108.966 71.501 0 P 0
L 108.966 70.485 109.22 70.739 0 P 0
L 108.966 71.501 109.22 71.247 0 P 0
L 108.966 79.502 108.966 79.756 0 P 0
L 108.966 79.502 109.22 79.502 0 P 0
L 108.966 79.756 109.22 80.01 0 P 0
L 108.966 80.264 108.966 80.518 0 P 0
L 108.966 80.264 109.22 80.01 0 P 0
L 108.966 80.518 109.22 80.518 0 P 0
L 109.093 78.359 109.093 78.613 0 P 0
L 109.093 78.359 109.347 78.359 0 P 0
L 109.093 78.613 109.347 78.867 0 P 0
L 109.093 79.121 109.093 79.375 0 P 0
L 109.093 79.121 109.347 78.867 0 P 0
L 109.093 79.375 109.347 79.375 0 P 0
L 109.22 70.739 109.474 70.485 0 P 0
L 109.22 71.247 109.474 71.501 0 P 0
L 109.22 79.502 109.474 79.756 0 P 0
L 109.22 80.518 109.474 80.264 0 P 0
L 109.347 78.359 109.601 78.613 0 P 0
L 109.347 79.375 109.601 79.121 0 P 0
L 109.474 70.485 109.728 70.485 0 P 0
L 109.474 70.993 109.728 70.739 0 P 0
L 109.474 70.993 109.728 71.247 0 P 0
L 109.474 71.501 109.728 71.501 0 P 0
L 109.474 79.756 109.728 79.502 0 P 0
L 109.474 80.264 109.728 80.518 0 P 0
L 109.601 78.613 109.855 78.359 0 P 0
L 109.601 79.121 109.855 79.375 0 P 0
L 109.728 70.485 109.728 70.739 0 P 0
L 109.728 71.247 109.728 71.501 0 P 0
L 109.728 79.502 109.982 79.502 0 P 0
L 109.728 80.01 109.982 79.756 0 P 0
L 109.728 80.01 109.982 80.264 0 P 0
L 109.728 80.518 109.982 80.518 0 P 0
L 109.728 88.519 109.728 88.773 0 P 0
L 109.728 88.519 109.982 88.519 0 P 0
L 109.728 88.773 109.982 89.027 0 P 0
L 109.728 89.281 109.728 89.535 0 P 0
L 109.728 89.281 109.982 89.027 0 P 0
L 109.728 89.535 109.982 89.535 0 P 0
L 109.855 78.359 110.109 78.359 0 P 0
L 109.855 78.867 110.109 78.613 0 P 0
L 109.855 78.867 110.109 79.121 0 P 0
L 109.855 79.375 110.109 79.375 0 P 0
L 109.982 79.502 109.982 79.756 0 P 0
L 109.982 80.264 109.982 80.518 0 P 0
L 109.982 88.519 110.236 88.773 0 P 0
L 109.982 89.535 110.236 89.281 0 P 0
L 110.109 78.359 110.109 78.613 0 P 0
L 110.109 79.121 110.109 79.375 0 P 0
L 110.236 88.773 110.49 88.519 0 P 0
L 110.236 89.281 110.49 89.535 0 P 0
L 110.363 85.852 110.363 86.106 0 P 0
L 110.363 85.852 110.617 85.852 0 P 0
L 110.363 86.106 110.617 86.36 0 P 0
L 110.363 86.614 110.363 86.868 0 P 0
L 110.363 86.614 110.617 86.36 0 P 0
L 110.363 86.868 110.617 86.868 0 P 0
L 110.363 89.535 110.363 89.789 0 P 0
L 110.363 89.535 110.617 89.535 0 P 0
L 110.363 89.789 110.617 90.043 0 P 0
L 110.363 90.297 110.363 90.551 0 P 0
L 110.363 90.297 110.617 90.043 0 P 0
L 110.363 90.551 110.617 90.551 0 P 0
L 110.363 98.552 110.363 99.06 0 P 0
L 110.363 98.552 110.617 98.552 0 P 0
L 110.363 99.06 110.617 99.06 0 P 0
L 110.49 88.519 110.744 88.519 0 P 0
L 110.49 89.027 110.744 88.773 0 P 0
L 110.49 89.027 110.744 89.281 0 P 0
L 110.49 89.535 110.744 89.535 0 P 0
L 110.617 85.852 110.871 86.106 0 P 0
L 110.617 86.868 110.871 86.614 0 P 0
L 110.617 89.535 110.871 89.789 0 P 0
L 110.617 90.551 110.871 90.297 0 P 0
L 110.617 98.298 110.617 98.552 0 P 0
L 110.617 98.298 111.125 98.298 0 P 0
L 110.617 99.06 110.617 99.314 0 P 0
L 110.617 99.314 111.125 99.314 0 P 0
L 110.744 88.519 110.744 88.773 0 P 0
L 110.744 89.281 110.744 89.535 0 P 0
L 110.871 86.106 111.125 85.852 0 P 0
L 110.871 86.614 111.125 86.868 0 P 0
L 110.871 89.789 111.125 89.535 0 P 0
L 110.871 90.297 111.125 90.551 0 P 0
L 111.125 85.852 111.379 85.852 0 P 0
L 111.125 86.36 111.379 86.106 0 P 0
L 111.125 86.36 111.379 86.614 0 P 0
L 111.125 86.868 111.379 86.868 0 P 0
L 111.125 89.535 111.379 89.535 0 P 0
L 111.125 90.043 111.379 89.789 0 P 0
L 111.125 90.043 111.379 90.297 0 P 0
L 111.125 90.551 111.379 90.551 0 P 0
L 111.125 98.298 111.125 98.552 0 P 0
L 111.125 98.552 111.379 98.552 0 P 0
L 111.125 99.06 111.125 99.314 0 P 0
L 111.125 99.06 111.379 99.06 0 P 0
L 111.379 85.852 111.379 86.106 0 P 0
L 111.379 86.614 111.379 86.868 0 P 0
L 111.379 89.535 111.379 89.789 0 P 0
L 111.379 90.297 111.379 90.551 0 P 0
L 111.379 98.552 111.379 99.06 0 P 0
L 111.506 71.628 111.506 71.882 0 P 0
L 111.506 71.628 111.76 71.628 0 P 0
L 111.506 71.882 111.76 72.136 0 P 0
L 111.506 72.39 111.506 72.644 0 P 0
L 111.506 72.39 111.76 72.136 0 P 0
L 111.506 72.644 111.76 72.644 0 P 0
L 111.76 71.628 112.014 71.882 0 P 0
L 111.76 72.644 112.014 72.39 0 P 0
L 112.014 71.882 112.268 71.628 0 P 0
L 112.014 72.39 112.268 72.644 0 P 0
L 112.10715958 82.296 112.10715958 82.55 0 P 0
L 112.10715958 82.296 112.36115958 82.296 0 P 0
L 112.10715958 82.55 112.36115958 82.804 0 P 0
L 112.10715958 83.058 112.10715958 83.312 0 P 0
L 112.10715958 83.058 112.36115958 82.804 0 P 0
L 112.10715958 83.312 112.36115958 83.312 0 P 0
L 112.268 71.628 112.522 71.628 0 P 0
L 112.268 72.136 112.522 71.882 0 P 0
L 112.268 72.136 112.522 72.39 0 P 0
L 112.268 72.644 112.522 72.644 0 P 0
L 112.268 78.994 112.268 79.248 0 P 0
L 112.268 78.994 112.522 78.994 0 P 0
L 112.268 79.248 112.522 79.502 0 P 0
L 112.268 79.756 112.268 80.01 0 P 0
L 112.268 79.756 112.522 79.502 0 P 0
L 112.268 80.01 112.522 80.01 0 P 0
L 112.268 90.678 112.268 90.932 0 P 0
L 112.268 90.678 112.522 90.678 0 P 0
L 112.268 90.932 112.522 91.186 0 P 0
L 112.268 91.44 112.268 91.694 0 P 0
L 112.268 91.44 112.522 91.186 0 P 0
L 112.268 91.694 112.522 91.694 0 P 0
L 112.36115958 82.296 112.61515958 82.55 0 P 0
L 112.36115958 83.312 112.61515958 83.058 0 P 0
L 112.522 71.628 112.522 71.882 0 P 0
L 112.522 72.39 112.522 72.644 0 P 0
L 112.522 78.994 112.776 79.248 0 P 0
L 112.522 80.01 112.776 79.756 0 P 0
L 112.522 90.678 112.776 90.932 0 P 0
L 112.522 91.694 112.776 91.44 0 P 0
L 112.61515958 82.55 112.86915958 82.296 0 P 0
L 112.61515958 83.058 112.86915958 83.312 0 P 0
L 112.776 79.248 113.03 78.994 0 P 0
L 112.776 79.756 113.03 80.01 0 P 0
L 112.776 90.932 113.03 90.678 0 P 0
L 112.776 91.44 113.03 91.694 0 P 0
L 112.86915958 82.296 113.12315958 82.296 0 P 0
L 112.86915958 82.804 113.12315958 82.55 0 P 0
L 112.86915958 82.804 113.12315958 83.058 0 P 0
L 112.86915958 83.312 113.12315958 83.312 0 P 0
L 113.03 78.994 113.284 78.994 0 P 0
L 113.03 79.502 113.284 79.248 0 P 0
L 113.03 79.502 113.284 79.756 0 P 0
L 113.03 80.01 113.284 80.01 0 P 0
L 113.03 90.678 113.284 90.678 0 P 0
L 113.03 91.186 113.284 90.932 0 P 0
L 113.03 91.186 113.284 91.44 0 P 0
L 113.03 91.694 113.284 91.694 0 P 0
L 113.12315958 82.296 113.12315958 82.55 0 P 0
L 113.12315958 83.058 113.12315958 83.312 0 P 0
L 113.284 78.994 113.284 79.248 0 P 0
L 113.284 79.756 113.284 80.01 0 P 0
L 113.284 90.678 113.284 90.932 0 P 0
L 113.284 91.44 113.284 91.694 0 P 0
L 114.046 89.535 114.554 89.027 0 P 0
L 114.046 89.535 114.554 90.043 0 P 0
L 114.554 89.027 115.062 89.535 0 P 0
L 114.554 90.043 115.062 89.535 0 P 0
L 114.681 78.994 114.681 79.248 0 P 0
L 114.681 78.994 114.935 78.994 0 P 0
L 114.681 79.248 114.935 79.502 0 P 0
L 114.681 79.756 114.681 80.01 0 P 0
L 114.681 79.756 114.935 79.502 0 P 0
L 114.681 80.01 114.935 80.01 0 P 0
L 114.808 90.424 114.808 90.678 0 P 0
L 114.808 90.424 115.062 90.424 0 P 0
L 114.808 90.678 115.062 90.932 0 P 0
L 114.808 91.186 114.808 91.44 0 P 0
L 114.808 91.186 115.062 90.932 0 P 0
L 114.808 91.44 115.062 91.44 0 P 0
L 114.935 78.994 115.189 79.248 0 P 0
L 114.935 80.01 115.189 79.756 0 P 0
L 114.935 82.931 114.935 83.185 0 P 0
L 114.935 82.931 115.189 82.931 0 P 0
L 114.935 83.185 115.189 83.439 0 P 0
L 114.935 83.693 114.935 83.947 0 P 0
L 114.935 83.693 115.189 83.439 0 P 0
L 114.935 83.947 115.189 83.947 0 P 0
L 115.062 90.424 115.316 90.678 0 P 0
L 115.062 91.44 115.316 91.186 0 P 0
L 115.189 79.248 115.443 78.994 0 P 0
L 115.189 79.756 115.443 80.01 0 P 0
L 115.189 82.931 115.443 83.185 0 P 0
L 115.189 83.947 115.443 83.693 0 P 0
L 115.316 90.678 115.57 90.424 0 P 0
L 115.316 91.186 115.57 91.44 0 P 0
L 115.443 78.994 115.697 78.994 0 P 0
L 115.443 79.502 115.697 79.248 0 P 0
L 115.443 79.502 115.697 79.756 0 P 0
L 115.443 80.01 115.697 80.01 0 P 0
L 115.443 83.185 115.697 82.931 0 P 0
L 115.443 83.693 115.697 83.947 0 P 0
L 115.57 90.424 115.824 90.424 0 P 0
L 115.57 90.932 115.824 90.678 0 P 0
L 115.57 90.932 115.824 91.186 0 P 0
L 115.57 91.44 115.824 91.44 0 P 0
L 115.697 78.994 115.697 79.248 0 P 0
L 115.697 79.756 115.697 80.01 0 P 0
L 115.697 82.931 115.951 82.931 0 P 0
L 115.697 83.439 115.951 83.185 0 P 0
L 115.697 83.439 115.951 83.693 0 P 0
L 115.697 83.947 115.951 83.947 0 P 0
L 115.824 90.424 115.824 90.678 0 P 0
L 115.824 91.186 115.824 91.44 0 P 0
L 115.951 82.931 115.951 83.185 0 P 0
L 115.951 83.693 115.951 83.947 0 P 0
L 116.586 91.948 116.586 92.202 0 P 0
L 116.586 91.948 116.84 91.948 0 P 0
L 116.586 92.202 116.84 92.456 0 P 0
L 116.586 92.71 116.586 92.964 0 P 0
L 116.586 92.71 116.84 92.456 0 P 0
L 116.586 92.964 116.84 92.964 0 P 0
L 116.84 91.948 117.094 92.202 0 P 0
L 116.84 92.964 117.094 92.71 0 P 0
L 117.094 92.202 117.348 91.948 0 P 0
L 117.094 92.71 117.348 92.964 0 P 0
L 117.09699974 84.7400007 117.60499974 83.7240007 0 P 0
L 117.09699974 84.7400007 118.11299974 84.7400007 0 P 0
L 117.09699974 90.5199993 117.60499974 89.5039993 0 P 0
L 117.09699974 90.5199993 118.11299974 90.5199993 0 P 0
L 117.348 91.948 117.602 91.948 0 P 0
L 117.348 92.456 117.602 92.202 0 P 0
L 117.348 92.456 117.602 92.71 0 P 0
L 117.348 92.964 117.602 92.964 0 P 0
L 117.602 91.948 117.602 92.202 0 P 0
L 117.602 92.71 117.602 92.964 0 P 0
L 117.60499974 83.7240007 118.11299974 84.7400007 0 P 0
L 117.60499974 89.5039993 118.11299974 90.5199993 0 P 0
L 118.745 81.28 118.745 81.534 0 P 0
L 118.745 81.28 118.999 81.28 0 P 0
L 118.745 81.534 118.999 81.788 0 P 0
L 118.745 82.042 118.745 82.296 0 P 0
L 118.745 82.042 118.999 81.788 0 P 0
L 118.745 82.296 118.999 82.296 0 P 0
L 118.999 81.28 119.253 81.534 0 P 0
L 118.999 82.296 119.253 82.042 0 P 0
L 119.253 81.534 119.507 81.28 0 P 0
L 119.253 82.042 119.507 82.296 0 P 0
L 119.507 81.28 119.761 81.28 0 P 0
L 119.507 81.788 119.761 81.534 0 P 0
L 119.507 81.788 119.761 82.042 0 P 0
L 119.507 82.296 119.761 82.296 0 P 0
L 119.761 81.28 119.761 81.534 0 P 0
L 119.761 82.042 119.761 82.296 0 P 0
L 120.523 81.153 120.523 81.407 0 P 0
L 120.523 81.153 120.777 81.153 0 P 0
L 120.523 81.407 120.777 81.661 0 P 0
L 120.523 81.915 120.523 82.169 0 P 0
L 120.523 81.915 120.777 81.661 0 P 0
L 120.523 82.169 120.777 82.169 0 P 0
L 120.777 81.153 121.031 81.407 0 P 0
L 120.777 82.169 121.031 81.915 0 P 0
L 120.777 82.29400102 120.777 83.31000102 0 P 0
L 120.777 82.29400102 121.793 82.29400102 0 P 0
L 120.777 83.31000102 121.793 83.31000102 0 P 0
L 120.777 90.93399898 120.777 91.94999898 0 P 0
L 120.777 90.93399898 121.793 90.93399898 0 P 0
L 120.777 91.94999898 121.793 91.94999898 0 P 0
L 120.777 92.075 120.777 92.329 0 P 0
L 120.777 92.075 121.031 92.075 0 P 0
L 120.777 92.329 121.031 92.583 0 P 0
L 120.777 92.837 120.777 93.091 0 P 0
L 120.777 92.837 121.031 92.583 0 P 0
L 120.777 93.091 121.031 93.091 0 P 0
L 121.031 81.407 121.285 81.153 0 P 0
L 121.031 81.915 121.285 82.169 0 P 0
L 121.031 92.075 121.285 92.329 0 P 0
L 121.031 93.091 121.285 92.837 0 P 0
L 121.285 81.153 121.539 81.153 0 P 0
L 121.285 81.661 121.539 81.407 0 P 0
L 121.285 81.661 121.539 81.915 0 P 0
L 121.285 82.169 121.539 82.169 0 P 0
L 121.285 92.329 121.539 92.075 0 P 0
L 121.285 92.837 121.539 93.091 0 P 0
L 121.539 81.153 121.539 81.407 0 P 0
L 121.539 81.915 121.539 82.169 0 P 0
L 121.539 92.075 121.793 92.075 0 P 0
L 121.539 92.583 121.793 92.329 0 P 0
L 121.539 92.583 121.793 92.837 0 P 0
L 121.539 93.091 121.793 93.091 0 P 0
L 121.793 82.29400102 121.793 83.31000102 0 P 0
L 121.793 90.93399898 121.793 91.94999898 0 P 0
L 121.793 92.075 121.793 92.329 0 P 0
L 121.793 92.837 121.793 93.091 0 P 0
